100 10 10
-54 -67 310 -207 371 -89 549 -99 -110 -13 -44 -120 373 526 370 345 -90 390 269 299 -215 431 582 -194 -112 311 -27 -233 -126 -134 548 -161 -188 -8 428 627 339 245 368 -103 515 311 375 334 555 385 260 -225 -12 -50 288 -55 -142 320 -132 309 -155 -91 -156 -1 255 277 -75 246 -17 361 396 420 -227 491 -56 -159 -115 377 281 462 261 -123 336 -81 -4 -96 263 -23 447 259 -69 378 -85 384 -30 -218 404 454 289 404 -214 -139 -157 -13 
300 312 576 457 753 964 561 826 136 369 372 510 34 871 708 446 821 126 646 838 986 180 758 448 883 993 19 285 213 738 897 43 82 199 777 956 539 589 243 140 232 259 599 297 367 781 406 536 317 729 788 844 848 846 105 837 960 485 36 881 585 327 143 846 114 981 776 3 306 996 293 761 264 401 677 645 911 118 318 979 235 271 874 617 719 384 201 257 201 115 277 980 860 146 200 398 604 97 301 686 
727 393 192 689 360 259 55 428 243 859 701 926 895 584 115 927 191 508 117 891 231 656 518 52 918 990 299 955 752 307 807 684 313 226 836 828 104 154 908 412 313 843 459 275 841 50 749 364 392 562 807 437 56 903 334 394 711 48 17 285 142 620 783 807 343 578 768 594 1 885 446 422 307 846 607 128 770 608 745 186 290 593 868 493 678 197 566 127 496 914 810 364 887 132 213 685 243 390 878 611 
10 573 138 178 320 813 810 102 601 975 335 935 694 49 247 476 784 668 550 33 367 116 781 680 714 954 345 79 669 616 931 247 779 121 419 993 216 87 76 22 709 121 550 285 715 547 838 475 750 996 117 953 494 581 147 392 343 446 690 574 419 304 882 78 180 450 287 1 932 949 365 686 392 638 383 266 769 334 578 784 640 876 900 87 116 173 540 174 182 593 488 112 831 437 257 192 6 567 239 467 
243 542 212 103 402 61 89 503 112 131 354 748 743 324 723 763 242 621 935 905 327 90 781 766 311 399 233 116 967 193 731 479 228 250 802 793 177 550 958 212 72 521 168 383 498 605 746 365 790 356 957 976 562 954 335 432 341 511 402 124 537 439 18 788 41 554 198 484 615 746 4 737 50 257 666 913 336 302 552 173 682 747 646 453 896 752 183 599 240 493 699 694 339 361 621 668 674 870 113 880 
298 841 276 15 748 562 840 610 844 784 294 290 676 257 618 910 256 68 389 649 97 231 477 52 685 872 788 54 653 549 371 429 36 577 317 804 944 988 99 418 827 970 387 182 606 591 904 669 26 39 208 23 142 16 663 396 112 363 799 706 115 343 212 251 20 252 936 992 253 328 731 25 782 260 441 904 375 548 649 488 510 584 1 520 609 605 139 903 74 83 429 975 501 637 451 514 435 410 205 829 
596 470 904 327 662 679 630 871 960 632 181 336 237 176 783 70 873 320 359 726 253 759 718 575 786 286 89 594 151 146 155 154 963 772 897 731 338 731 394 629 639 516 403 997 189 302 676 424 542 257 963 223 480 440 204 112 322 778 5 538 498 645 155 631 420 229 407 855 138 238 366 776 302 271 868 624 272 3 222 462 600 839 937 267 347 957 453 716 766 770 425 444 955 801 765 52 102 766 474 754 
846 275 746 274 604 602 7 415 845 102 533 119 872 962 911 170 62 926 762 177 308 550 755 79 994 369 345 336 217 713 322 299 934 999 230 209 577 452 438 779 188 976 451 229 948 387 630 756 362 748 458 112 518 645 979 490 7 579 750 693 277 30 518 732 563 588 10 494 789 862 815 100 806 16 78 982 262 577 21 57 597 375 599 498 731 911 267 167 843 751 565 225 402 916 279 107 348 2 541 938 
113 575 747 970 657 702 782 860 85 397 589 313 113 310 39 669 891 445 897 804 36 221 173 398 481 667 932 921 361 752 775 867 27 968 953 724 623 227 429 237 993 878 254 276 709 305 362 554 246 206 262 378 580 111 688 498 777 284 222 879 826 135 698 810 317 352 802 212 39 639 913 619 867 453 47 138 105 432 417 673 116 323 937 73 154 90 252 406 90 398 5 195 727 461 20 47 838 207 6 185 
929 232 91 564 425 489 418 370 710 549 316 906 126 627 75 746 894 384 505 899 524 578 17 294 432 133 254 58 519 182 692 907 5 624 386 225 229 986 157 118 386 61 667 725 275 814 244 67 89 464 353 807 559 559 641 576 534 797 103 843 358 788 637 385 204 447 415 418 606 649 472 268 455 858 341 498 563 517 891 381 785 123 426 91 444 246 374 185 312 421 608 66 429 778 193 837 381 884 130 247 
492 581 916 686 692 452 475 881 598 304 346 8 952 937 924 71 266 406 127 705 502 221 769 678 338 999 896 453 79 904 675 944 895 519 457 746 257 833 701 426 292 606 583 12 709 32 241 123 185 279 158 232 296 734 82 297 303 771 393 403 604 26 225 101 128 670 175 498 839 548 915 276 166 791 154 433 936 787 799 287 433 506 137 70 39 280 842 594 379 511 213 597 108 18 453 902 574 107 333 500 
25307 25436 23390 24119 23307 25248 24830 23108 22625 23398 
556 736 301 111 704 408 163 315 670 457 357 916 614 60 373 182 129 767 896 178 975 226 404 833 575 340 321 580 425 955 739 473 946 666 630 462 841 2 778 714 855 768 141 847 325 765 10 162 208 981 638 184 124 910 332 634 555 55 396 23 171 310 181 378 600 742 275 601 951 731 166 659 15 230 577 807 420 862 974 991 795 938 792 647 59 991 759 627 328 902 629 510 103 788 73 379 573 783 310 38 
413 494 348 63 799 352 111 889 914 312 153 287 888 424 374 650 711 816 111 774 687 279 191 181 890 484 662 995 718 533 81 879 959 989 678 424 623 986 66 449 458 515 486 726 796 398 624 182 153 272 23 598 392 154 253 691 849 842 414 986 189 41 786 540 227 14 608 125 948 638 256 555 60 673 157 75 495 829 687 438 432 476 101 986 350 733 261 409 956 615 463 265 182 989 616 194 959 842 223 968 
907 158 440 75 936 753 488 475 464 485 254 548 227 888 82 292 717 235 519 937 599 362 998 32 618 944 860 499 231 121 876 938 746 360 46 818 6 24 749 906 104 680 220 122 231 897 782 947 566 733 673 96 589 279 10 976 981 504 635 386 93 470 16 274 418 716 568 160 76 413 458 573 863 885 150 185 117 448 783 820 72 325 82 329 881 842 686 866 461 949 138 492 253 608 240 162 690 255 968 431 
547 669 623 859 509 351 25 264 581 285 802 287 674 733 956 829 902 70 878 900 582 49 156 99 145 303 257 915 684 217 532 601 566 824 606 418 153 701 402 820 770 698 370 378 566 13 385 341 462 91 789 582 683 578 25 95 578 209 99 34 768 187 49 292 163 303 915 856 318 754 168 634 48 478 637 519 990 849 295 913 472 751 553 271 579 190 492 468 570 1 576 147 477 90 997 444 523 866 94 313 
599 627 55 599 472 946 359 87 150 58 885 125 318 647 47 462 572 361 464 533 1 323 581 159 702 251 537 675 970 528 29 430 599 314 877 115 451 494 212 178 251 770 580 80 379 508 748 41 87 658 426 7 904 266 984 726 953 971 875 294 122 792 248 108 153 170 64 720 476 705 478 37 387 960 10 756 824 784 505 976 387 91 573 956 667 424 963 85 906 896 218 989 573 253 265 820 966 934 477 979 
125 557 6 16 952 492 938 949 1000 816 495 852 161 382 570 934 542 964 350 557 70 356 79 616 987 794 337 920 170 581 622 789 499 546 997 750 795 522 42 645 396 392 544 263 227 128 973 743 223 143 612 738 139 611 588 484 932 434 61 491 219 569 866 354 237 631 83 167 771 474 795 638 344 395 670 494 501 940 735 748 120 983 430 497 890 810 588 59 386 650 35 143 164 62 720 641 895 909 829 231 
794 821 961 962 242 337 559 595 576 323 888 627 634 365 85 265 204 595 707 138 131 775 217 750 776 655 662 248 321 391 253 540 118 781 787 721 833 141 983 654 675 718 881 386 229 335 283 589 945 849 833 892 509 56 683 744 588 417 173 750 55 462 749 945 969 916 624 70 973 67 938 194 667 374 776 371 404 876 556 709 293 676 757 361 355 102 595 260 299 485 272 312 271 463 361 855 24 19 298 361 
447 840 413 682 933 47 649 88 50 672 171 202 673 176 811 522 592 398 987 12 414 818 654 469 781 499 216 695 776 703 260 643 967 630 555 52 331 328 206 346 415 187 255 51 536 727 113 206 738 891 435 691 157 985 49 95 71 494 702 802 877 946 736 448 337 801 306 713 360 563 397 815 992 443 365 981 937 344 895 302 890 205 977 32 267 802 747 893 838 413 271 684 290 313 471 47 495 810 84 375 
399 818 164 960 365 949 197 678 500 422 200 968 379 455 967 154 240 212 160 594 365 368 68 554 319 423 348 905 562 471 334 729 886 253 618 217 725 451 372 111 205 976 449 633 240 689 319 863 630 525 927 728 915 454 187 523 599 957 626 54 220 283 86 308 786 659 34 879 227 444 828 209 378 280 366 209 623 292 655 854 14 14 461 204 339 516 84 128 309 493 285 597 250 582 429 322 883 657 125 63 
63 495 314 374 554 583 675 563 661 523 946 544 593 299 898 502 556 385 105 83 112 14 291 108 454 385 337 787 822 782 81 957 52 180 28 483 434 849 520 354 72 806 97 821 635 988 542 451 107 636 284 605 430 349 519 815 420 419 335 549 664 462 751 305 428 769 554 618 25 986 400 591 925 838 361 82 368 894 458 70 21 76 664 522 546 891 202 764 368 607 38 312 49 762 731 155 269 932 359 357 
25678 25405 24620 23765 24499 26285 26032 25385 22867 23400 
