100 10 10
429 464 716 778 407 220 729 286 589 541 790 670 768 381 508 575 281 234 378 703 610 765 607 1105 373 883 598 535 756 144 571 281 641 533 372 602 438 434 457 755 471 293 517 844 594 776 459 613 535 283 485 349 442 765 473 221 532 739 749 450 686 398 711 767 736 641 589 413 834 503 593 636 703 416 563 638 357 426 664 433 884 760 269 591 503 134 585 392 289 375 945 456 1027 561 527 567 471 439 519 358 
478 209 549 155 805 64 528 904 832 14 606 436 221 937 477 646 472 708 678 633 7 110 435 929 925 584 556 795 435 73 934 534 355 954 834 347 730 872 407 789 968 924 519 945 704 997 866 380 248 96 476 7 752 565 799 827 99 769 9 228 590 786 355 263 955 590 255 604 989 723 191 258 664 37 805 836 552 792 86 935 711 868 373 9 635 641 441 305 669 647 686 640 625 615 165 491 934 6 34 717 
598 280 441 103 594 278 272 703 781 701 338 273 821 798 801 376 712 164 937 602 156 114 220 343 749 713 121 240 21 26 580 760 29 295 516 707 429 209 375 112 397 809 782 712 306 529 375 212 335 510 662 16 457 699 123 393 160 710 90 896 246 409 877 475 674 1 274 584 450 94 915 841 25 599 377 934 270 634 752 669 704 838 953 970 467 329 787 54 516 561 358 433 715 11 860 888 613 949 296 300 
7 60 644 944 50 492 580 209 353 323 308 875 780 324 178 479 226 637 251 870 392 1000 782 652 371 929 274 693 919 12 737 321 758 707 122 383 775 538 111 170 500 740 995 630 210 697 200 688 542 654 668 57 820 315 946 17 695 354 47 99 47 541 939 933 965 500 92 396 192 497 185 41 262 196 180 781 562 773 917 798 63 813 837 575 288 43 465 280 773 951 987 523 445 208 47 553 662 606 411 200 
518 448 516 406 727 939 575 82 628 78 950 135 510 481 671 359 436 575 916 89 999 15 245 891 713 470 469 654 489 826 582 451 887 559 613 441 591 314 78 564 120 463 190 388 674 426 498 859 665 15 443 916 299 779 158 804 211 567 572 602 620 127 222 317 893 943 951 450 855 136 927 234 974 93 555 69 651 817 990 658 758 324 149 361 747 338 405 374 916 57 525 358 840 182 827 406 583 335 32 793 
821 390 11 542 279 386 694 586 377 757 234 691 491 710 171 80 183 28 315 457 331 751 992 706 238 758 309 606 389 952 393 958 867 923 97 678 114 542 518 867 92 519 199 496 792 932 141 393 517 282 96 813 576 238 900 326 973 863 923 477 39 329 761 792 208 288 835 580 479 80 973 40 645 542 197 423 349 534 722 907 503 235 604 18 531 969 906 954 277 602 342 91 877 786 434 737 132 204 750 390 
830 72 961 289 882 131 723 265 467 613 307 896 427 424 38 320 228 333 234 222 687 783 350 960 472 196 202 592 231 255 789 461 544 71 954 622 29 61 618 790 208 48 552 687 723 552 783 942 924 348 300 586 577 380 378 876 79 678 585 980 170 266 470 426 987 716 385 175 381 508 370 279 790 503 145 967 54 724 798 622 25 278 319 93 629 236 203 70 410 441 905 655 452 924 730 355 681 664 950 212 
2 281 882 914 652 659 733 553 693 747 997 535 701 170 236 921 130 428 553 520 633 941 440 959 349 318 153 529 601 122 145 820 101 660 867 928 923 52 533 550 750 525 98 600 271 624 794 69 368 134 963 641 68 952 270 597 277 7 666 508 179 83 425 681 653 788 989 993 649 929 952 492 643 203 773 715 512 25 698 432 775 234 154 360 28 268 205 98 420 416 846 292 304 90 512 833 705 977 255 525 
872 394 735 740 91 21 272 518 886 540 452 964 319 7 958 350 976 1 851 652 802 136 685 89 14 935 387 678 915 243 322 916 783 32 818 943 654 457 257 322 315 426 520 743 273 901 855 956 368 510 777 972 752 463 518 155 343 499 837 206 707 468 494 998 30 746 401 715 964 322 273 952 638 882 933 674 284 765 436 264 812 476 582 434 437 558 795 881 242 909 68 539 879 465 651 114 253 993 483 657 
957 893 975 742 687 732 916 790 232 150 942 643 908 593 363 238 97 517 913 709 119 382 625 851 233 988 624 354 708 476 793 569 642 620 436 701 214 49 261 481 909 705 724 365 409 880 480 944 276 603 851 518 70 381 243 447 479 421 590 245 644 988 555 771 634 47 72 813 891 457 487 196 875 317 552 215 521 599 324 704 591 16 999 931 880 923 995 223 563 82 372 290 764 568 792 247 317 493 714 574 
383 363 611 279 531 739 303 183 910 102 481 30 496 53 862 782 555 807 377 203 572 926 908 739 692 808 489 804 915 70 540 456 273 727 681 666 579 658 740 542 927 989 636 26 985 249 823 645 257 617 685 235 595 607 780 582 740 853 894 612 724 899 676 371 833 526 240 885 797 162 269 700 381 413 136 923 889 772 147 74 137 258 246 527 94 413 452 485 212 630 822 662 881 731 58 743 791 287 97 56 
13653 12041 12159 12833 12701 12121 12806 13888 13915 13493 
556 736 301 111 704 408 163 315 670 457 357 916 614 60 373 182 129 767 896 178 975 226 404 833 575 340 321 580 425 955 739 473 946 666 630 462 841 2 778 714 855 768 141 847 325 765 10 162 208 981 638 184 124 910 332 634 555 55 396 23 171 310 181 378 600 742 275 601 951 731 166 659 15 230 577 807 420 862 974 991 795 938 792 647 59 991 759 627 328 902 629 510 103 788 73 379 573 783 310 38 
413 494 348 63 799 352 111 889 914 312 153 287 888 424 374 650 711 816 111 774 687 279 191 181 890 484 662 995 718 533 81 879 959 989 678 424 623 986 66 449 458 515 486 726 796 398 624 182 153 272 23 598 392 154 253 691 849 842 414 986 189 41 786 540 227 14 608 125 948 638 256 555 60 673 157 75 495 829 687 438 432 476 101 986 350 733 261 409 956 615 463 265 182 989 616 194 959 842 223 968 
907 158 440 75 936 753 488 475 464 485 254 548 227 888 82 292 717 235 519 937 599 362 998 32 618 944 860 499 231 121 876 938 746 360 46 818 6 24 749 906 104 680 220 122 231 897 782 947 566 733 673 96 589 279 10 976 981 504 635 386 93 470 16 274 418 716 568 160 76 413 458 573 863 885 150 185 117 448 783 820 72 325 82 329 881 842 686 866 461 949 138 492 253 608 240 162 690 255 968 431 
547 669 623 859 509 351 25 264 581 285 802 287 674 733 956 829 902 70 878 900 582 49 156 99 145 303 257 915 684 217 532 601 566 824 606 418 153 701 402 820 770 698 370 378 566 13 385 341 462 91 789 582 683 578 25 95 578 209 99 34 768 187 49 292 163 303 915 856 318 754 168 634 48 478 637 519 990 849 295 913 472 751 553 271 579 190 492 468 570 1 576 147 477 90 997 444 523 866 94 313 
599 627 55 599 472 946 359 87 150 58 885 125 318 647 47 462 572 361 464 533 1 323 581 159 702 251 537 675 970 528 29 430 599 314 877 115 451 494 212 178 251 770 580 80 379 508 748 41 87 658 426 7 904 266 984 726 953 971 875 294 122 792 248 108 153 170 64 720 476 705 478 37 387 960 10 756 824 784 505 976 387 91 573 956 667 424 963 85 906 896 218 989 573 253 265 820 966 934 477 979 
125 557 6 16 952 492 938 949 1000 816 495 852 161 382 570 934 542 964 350 557 70 356 79 616 987 794 337 920 170 581 622 789 499 546 997 750 795 522 42 645 396 392 544 263 227 128 973 743 223 143 612 738 139 611 588 484 932 434 61 491 219 569 866 354 237 631 83 167 771 474 795 638 344 395 670 494 501 940 735 748 120 983 430 497 890 810 588 59 386 650 35 143 164 62 720 641 895 909 829 231 
794 821 961 962 242 337 559 595 576 323 888 627 634 365 85 265 204 595 707 138 131 775 217 750 776 655 662 248 321 391 253 540 118 781 787 721 833 141 983 654 675 718 881 386 229 335 283 589 945 849 833 892 509 56 683 744 588 417 173 750 55 462 749 945 969 916 624 70 973 67 938 194 667 374 776 371 404 876 556 709 293 676 757 361 355 102 595 260 299 485 272 312 271 463 361 855 24 19 298 361 
447 840 413 682 933 47 649 88 50 672 171 202 673 176 811 522 592 398 987 12 414 818 654 469 781 499 216 695 776 703 260 643 967 630 555 52 331 328 206 346 415 187 255 51 536 727 113 206 738 891 435 691 157 985 49 95 71 494 702 802 877 946 736 448 337 801 306 713 360 563 397 815 992 443 365 981 937 344 895 302 890 205 977 32 267 802 747 893 838 413 271 684 290 313 471 47 495 810 84 375 
399 818 164 960 365 949 197 678 500 422 200 968 379 455 967 154 240 212 160 594 365 368 68 554 319 423 348 905 562 471 334 729 886 253 618 217 725 451 372 111 205 976 449 633 240 689 319 863 630 525 927 728 915 454 187 523 599 957 626 54 220 283 86 308 786 659 34 879 227 444 828 209 378 280 366 209 623 292 655 854 14 14 461 204 339 516 84 128 309 493 285 597 250 582 429 322 883 657 125 63 
63 495 314 374 554 583 675 563 661 523 946 544 593 299 898 502 556 385 105 83 112 14 291 108 454 385 337 787 822 782 81 957 52 180 28 483 434 849 520 354 72 806 97 821 635 988 542 451 107 636 284 605 430 349 519 815 420 419 335 549 664 462 751 305 428 769 554 618 25 986 400 591 925 838 361 82 368 894 458 70 21 76 664 522 546 891 202 764 368 607 38 312 49 762 731 155 269 932 359 357 
12839 12703 12310 11883 12249 13143 13016 12693 11434 11700 
