100 5 2
956 765 796 190 762 758 1073 847 834 867 1052 587 1301 468 672 573 444 322 547 414 1052 334 413 650 614 1109 974 568 572 894 817 527 576 1172 538 252 595 582 869 827 357 701 1132 605 904 783 655 697 360 384 661 198 547 824 172 515 618 980 575 639 716 1007 210 258 475 988 605 795 842 298 617 729 351 389 693 486 765 587 611 392 508 505 744 661 490 696 305 899 683 1142 643 1108 669 344 1072 544 940 389 349 841 
563 659 144 345 188 345 585 400 396 425 393 392 864 460 874 949 969 774 106 198 987 234 770 870 933 599 866 512 99 848 350 244 965 388 217 915 669 314 915 492 739 58 628 444 632 475 598 752 493 928 52 114 58 106 876 165 645 133 86 881 640 18 449 596 705 702 714 743 960 663 476 804 554 482 974 672 464 357 111 284 775 25 506 899 766 155 785 164 970 846 563 813 289 874 462 851 663 667 67 355 
588 89 884 128 202 635 29 730 968 426 101 987 624 911 580 306 536 132 370 691 739 75 427 500 237 945 180 256 272 376 836 657 714 632 730 16 218 179 523 508 846 114 536 684 95 698 977 621 495 670 477 490 800 116 236 134 772 567 906 515 516 656 636 624 897 515 584 940 299 578 774 805 277 500 56 191 333 692 299 206 940 281 627 993 90 529 840 516 655 564 154 20 625 897 981 1000 633 307 220 61 
84 258 463 654 834 545 277 781 961 531 664 259 334 589 388 857 792 905 213 749 277 31 178 620 690 916 205 138 355 224 696 994 302 441 863 229 959 321 327 108 459 816 394 518 6 169 231 425 643 565 460 9 431 18 443 617 276 97 238 460 359 594 738 42 464 80 836 244 564 548 774 822 20 410 327 327 755 870 678 193 163 92 973 312 380 682 390 5 273 551 670 464 643 392 51 200 98 158 375 714 
728 593 698 258 459 210 433 564 782 795 920 417 190 104 40 211 717 602 969 927 585 191 614 181 842 11 620 449 53 620 64 495 627 704 618 440 73 72 574 719 918 321 661 506 46 711 309 864 273 160 805 287 435 888 311 251 289 650 867 390 961 978 79 51 446 707 568 848 941 419 367 814 699 544 44 322 371 753 252 969 281 925 34 910 63 780 663 387 955 230 425 152 468 239 956 78 696 912 787 419 
1000 637 396 715 62 136 727 187 892 872 701 61 836 112 768 538 494 801 327 67 973 711 670 478 9 373 823 417 362 904 722 471 129 907 765 821 110 184 572 340 281 202 848 980 738 282 327 909 303 79 623 917 649 773 490 640 101 145 935 211 59 986 103 854 832 376 706 677 580 121 189 13 67 607 477 175 724 411 543 910 619 312 695 328 455 671 213 526 282 590 606 908 340 40 560 567 94 218 43 825 
13486 12749 11130 12651 12451 
556 125 736 557 301 6 111 16 704 952 408 492 163 938 315 949 670 1000 457 816 357 495 916 852 614 161 60 382 373 570 182 934 129 542 767 964 896 350 178 557 975 70 226 356 404 79 833 616 575 987 340 794 321 337 580 920 425 170 955 581 739 622 473 789 946 499 666 546 630 997 462 750 841 795 2 522 778 42 714 645 855 396 768 392 141 544 847 263 325 227 765 128 10 973 162 743 208 223 981 143 
413 794 494 821 348 961 63 962 799 242 352 337 111 559 889 595 914 576 312 323 153 888 287 627 888 634 424 365 374 85 650 265 711 204 816 595 111 707 774 138 687 131 279 775 191 217 181 750 890 776 484 655 662 662 995 248 718 321 533 391 81 253 879 540 959 118 989 781 678 787 424 721 623 833 986 141 66 983 449 654 458 675 515 718 486 881 726 386 796 229 398 335 624 283 182 589 153 945 272 849 
13162 13388 
