100 10 10
438 648 436 1015 323 410 775 296 478 760 948 748 919 741 781 741 433 415 397 862 780 772 639 990 554 787 916 380 706 271 583 118 627 608 270 698 535 625 661 797 376 351 580 845 748 613 386 603 589 518 514 316 465 905 560 234 845 766 876 560 838 535 684 715 565 808 610 490 792 846 485 951 617 517 658 468 551 361 698 512 831 958 285 838 605 208 672 719 346 259 969 535 699 556 564 616 375 411 649 579 
867 10 395 982 889 789 495 725 807 287 588 462 856 980 678 987 160 368 197 8 411 887 671 544 301 868 846 99 681 466 506 537 78 820 125 589 100 366 521 810 330 632 857 718 326 453 26 649 337 7 216 355 200 376 239 969 770 481 264 894 618 667 136 473 860 919 487 994 232 198 117 500 160 159 69 594 656 76 511 65 138 715 766 921 519 301 902 818 366 529 227 312 172 934 354 519 911 250 672 646 
314 862 12 411 31 797 94 513 512 544 756 36 988 980 672 680 706 822 827 813 167 331 320 227 463 466 144 197 309 238 137 279 755 333 510 671 905 954 533 29 933 186 338 801 694 768 790 969 704 962 527 184 479 456 927 333 380 559 836 537 128 930 602 294 36 755 866 79 892 893 17 212 727 337 873 114 288 602 704 948 761 217 162 908 292 559 927 920 186 446 404 244 127 86 514 683 172 673 913 485 
98 126 675 335 543 894 928 934 26 551 493 673 430 715 771 865 520 544 697 634 681 62 473 766 987 323 891 494 787 335 131 408 546 718 131 191 99 224 185 197 549 705 38 256 870 290 812 984 299 636 108 716 737 672 778 528 610 737 938 439 273 83 648 112 717 516 40 698 189 863 433 46 487 472 947 169 544 867 314 631 683 539 834 534 298 779 705 928 358 510 898 286 166 272 239 604 9 920 788 673 
908 212 115 907 394 275 91 780 222 616 728 687 954 580 273 49 381 288 980 879 974 77 41 931 771 579 257 334 48 348 556 220 424 910 85 874 277 90 839 745 512 569 148 936 78 567 89 43 841 734 283 197 730 187 368 94 463 391 469 492 913 533 259 803 513 462 8 557 832 678 359 616 324 924 15 978 713 861 444 429 70 821 104 746 514 378 143 622 690 489 60 784 68 461 71 550 488 3 268 538 
979 583 10 768 411 52 184 85 203 373 296 478 300 726 880 830 207 202 893 957 508 595 790 816 505 435 897 341 732 678 288 75 559 131 721 707 598 22 857 272 346 263 798 288 67 721 630 960 143 762 643 130 509 829 67 245 832 312 977 256 933 958 981 238 331 972 148 528 244 5 184 997 631 317 901 314 515 12 785 930 44 714 448 300 590 709 714 399 418 195 974 663 155 787 299 4 47 770 211 918 
549 638 357 763 3 492 822 140 325 978 888 971 157 499 862 453 22 694 132 119 550 509 353 57 230 206 609 93 147 204 325 159 322 427 290 745 93 910 505 406 16 160 899 290 882 572 163 699 76 406 673 451 436 693 74 760 830 263 928 737 223 43 939 657 369 348 469 865 989 866 926 647 644 40 124 73 772 478 431 207 403 101 264 420 508 508 128 986 700 333 152 840 627 70 996 413 644 240 30 250 
467 513 324 225 105 194 281 14 673 240 244 42 952 739 482 562 654 961 468 777 887 496 57 818 864 85 937 788 330 111 759 539 224 786 668 858 904 669 435 251 283 971 440 858 980 145 551 317 683 148 846 763 279 768 762 63 893 977 234 964 523 674 318 581 946 638 957 628 311 913 65 894 57 30 820 136 352 615 574 940 858 414 277 938 836 263 572 943 594 113 855 22 87 272 715 433 243 340 689 437 
208 543 532 568 603 865 751 20 699 76 1000 593 899 423 738 420 822 330 670 266 375 718 495 330 958 418 376 893 410 413 854 550 242 574 308 802 753 405 98 942 261 624 461 179 678 85 237 154 342 419 585 119 725 263 419 152 913 791 371 274 200 464 244 128 437 959 513 938 796 665 453 694 350 756 469 114 827 634 814 677 35 450 261 32 658 236 851 112 31 471 885 24 819 581 381 385 354 281 146 761 
171 678 207 964 582 671 879 253 130 854 468 651 381 741 754 276 880 214 46 426 464 243 981 175 397 709 511 130 391 61 856 727 541 27 714 728 646 434 196 198 60 776 768 333 468 479 535 98 478 557 757 366 204 987 604 895 284 271 218 67 22 986 402 876 29 313 355 394 69 812 571 987 312 521 241 571 384 86 421 956 68 872 1000 635 547 822 114 400 754 12 512 956 22 144 658 616 904 687 549 889 
147 206 37 710 38 456 680 573 594 850 876 816 418 855 518 227 326 732 447 810 534 459 967 453 239 792 446 171 431 622 670 271 552 719 506 357 774 733 909 907 96 995 243 87 985 219 392 261 284 638 722 293 41 693 887 270 361 354 398 437 795 69 127 491 28 87 2 433 817 593 480 733 500 378 283 922 680 691 358 216 629 627 404 457 145 41 610 14 613 188 332 285 403 68 360 788 88 215 196 186 
12580 12919 12964 11745 12501 11434 13295 12220 12257 11454 
556 736 301 111 704 408 163 315 670 457 357 916 614 60 373 182 129 767 896 178 975 226 404 833 575 340 321 580 425 955 739 473 946 666 630 462 841 2 778 714 855 768 141 847 325 765 10 162 208 981 638 184 124 910 332 634 555 55 396 23 171 310 181 378 600 742 275 601 951 731 166 659 15 230 577 807 420 862 974 991 795 938 792 647 59 991 759 627 328 902 629 510 103 788 73 379 573 783 310 38 
413 494 348 63 799 352 111 889 914 312 153 287 888 424 374 650 711 816 111 774 687 279 191 181 890 484 662 995 718 533 81 879 959 989 678 424 623 986 66 449 458 515 486 726 796 398 624 182 153 272 23 598 392 154 253 691 849 842 414 986 189 41 786 540 227 14 608 125 948 638 256 555 60 673 157 75 495 829 687 438 432 476 101 986 350 733 261 409 956 615 463 265 182 989 616 194 959 842 223 968 
907 158 440 75 936 753 488 475 464 485 254 548 227 888 82 292 717 235 519 937 599 362 998 32 618 944 860 499 231 121 876 938 746 360 46 818 6 24 749 906 104 680 220 122 231 897 782 947 566 733 673 96 589 279 10 976 981 504 635 386 93 470 16 274 418 716 568 160 76 413 458 573 863 885 150 185 117 448 783 820 72 325 82 329 881 842 686 866 461 949 138 492 253 608 240 162 690 255 968 431 
547 669 623 859 509 351 25 264 581 285 802 287 674 733 956 829 902 70 878 900 582 49 156 99 145 303 257 915 684 217 532 601 566 824 606 418 153 701 402 820 770 698 370 378 566 13 385 341 462 91 789 582 683 578 25 95 578 209 99 34 768 187 49 292 163 303 915 856 318 754 168 634 48 478 637 519 990 849 295 913 472 751 553 271 579 190 492 468 570 1 576 147 477 90 997 444 523 866 94 313 
599 627 55 599 472 946 359 87 150 58 885 125 318 647 47 462 572 361 464 533 1 323 581 159 702 251 537 675 970 528 29 430 599 314 877 115 451 494 212 178 251 770 580 80 379 508 748 41 87 658 426 7 904 266 984 726 953 971 875 294 122 792 248 108 153 170 64 720 476 705 478 37 387 960 10 756 824 784 505 976 387 91 573 956 667 424 963 85 906 896 218 989 573 253 265 820 966 934 477 979 
125 557 6 16 952 492 938 949 1000 816 495 852 161 382 570 934 542 964 350 557 70 356 79 616 987 794 337 920 170 581 622 789 499 546 997 750 795 522 42 645 396 392 544 263 227 128 973 743 223 143 612 738 139 611 588 484 932 434 61 491 219 569 866 354 237 631 83 167 771 474 795 638 344 395 670 494 501 940 735 748 120 983 430 497 890 810 588 59 386 650 35 143 164 62 720 641 895 909 829 231 
794 821 961 962 242 337 559 595 576 323 888 627 634 365 85 265 204 595 707 138 131 775 217 750 776 655 662 248 321 391 253 540 118 781 787 721 833 141 983 654 675 718 881 386 229 335 283 589 945 849 833 892 509 56 683 744 588 417 173 750 55 462 749 945 969 916 624 70 973 67 938 194 667 374 776 371 404 876 556 709 293 676 757 361 355 102 595 260 299 485 272 312 271 463 361 855 24 19 298 361 
447 840 413 682 933 47 649 88 50 672 171 202 673 176 811 522 592 398 987 12 414 818 654 469 781 499 216 695 776 703 260 643 967 630 555 52 331 328 206 346 415 187 255 51 536 727 113 206 738 891 435 691 157 985 49 95 71 494 702 802 877 946 736 448 337 801 306 713 360 563 397 815 992 443 365 981 937 344 895 302 890 205 977 32 267 802 747 893 838 413 271 684 290 313 471 47 495 810 84 375 
399 818 164 960 365 949 197 678 500 422 200 968 379 455 967 154 240 212 160 594 365 368 68 554 319 423 348 905 562 471 334 729 886 253 618 217 725 451 372 111 205 976 449 633 240 689 319 863 630 525 927 728 915 454 187 523 599 957 626 54 220 283 86 308 786 659 34 879 227 444 828 209 378 280 366 209 623 292 655 854 14 14 461 204 339 516 84 128 309 493 285 597 250 582 429 322 883 657 125 63 
63 495 314 374 554 583 675 563 661 523 946 544 593 299 898 502 556 385 105 83 112 14 291 108 454 385 337 787 822 782 81 957 52 180 28 483 434 849 520 354 72 806 97 821 635 988 542 451 107 636 284 605 430 349 519 815 420 419 335 549 664 462 751 305 428 769 554 618 25 986 400 591 925 838 361 82 368 894 458 70 21 76 664 522 546 891 202 764 368 607 38 312 49 762 731 155 269 932 359 357 
12839 12703 12310 11883 12249 13143 13016 12693 11434 11700 
