100 5 5
709 1045 493 798 982 583 1020 485 672 581 902 872 1099 537 1056 791 668 448 626 946 848 994 838 1074 592 978 884 1029 1272 454 544 660 1015 754 659 768 577 1063 542 1131 534 979 916 1185 632 1144 780 784 740 268 667 687 602 1057 42 330 941 870 1015 611 894 493 474 339 446 618 602 692 1052 874 1049 773 869 918 915 847 844 940 659 621 1001 1071 284 808 1112 445 867 651 681 820 946 620 715 1028 959 590 797 722 631 195 
502 66 229 725 461 533 658 340 95 501 697 437 172 549 801 408 866 475 253 467 809 802 683 738 160 41 432 538 342 957 515 995 824 255 712 241 541 806 577 313 595 899 676 772 560 342 791 253 400 180 60 722 945 164 116 429 856 102 573 623 633 59 235 737 376 370 528 546 699 352 523 327 412 869 841 758 320 230 6 409 432 678 562 595 778 364 908 188 48 291 984 620 627 571 720 393 119 43 587 448 
430 323 712 645 833 762 352 411 715 141 887 331 388 546 817 813 541 144 300 311 264 591 657 848 101 862 282 66 101 401 322 363 471 750 871 523 163 428 265 284 338 346 616 467 401 464 239 712 866 129 202 710 353 715 176 395 71 644 440 247 616 68 598 12 421 83 938 602 793 745 924 535 20 303 586 953 929 536 301 396 87 287 575 290 714 407 717 189 880 813 996 717 283 702 797 650 280 344 592 512 
828 553 337 862 225 41 933 845 980 433 139 809 174 769 819 641 460 906 816 998 112 608 653 341 963 453 968 909 985 509 184 807 459 726 336 800 818 779 1 656 344 556 177 736 263 304 542 813 326 718 601 591 216 918 394 512 378 970 751 957 639 131 116 494 662 166 345 725 135 843 878 121 600 569 735 263 425 803 632 5 529 609 328 647 575 510 413 541 960 932 378 34 515 946 226 805 430 969 148 14 
839 674 396 128 569 631 725 552 365 292 649 177 372 75 76 614 205 33 644 660 996 517 905 989 284 498 332 589 842 337 656 185 834 128 291 789 702 935 883 66 721 673 897 906 408 645 519 244 595 15 464 93 254 627 284 436 787 50 224 220 459 124 607 64 889 172 115 904 924 169 841 110 536 962 192 295 507 879 456 433 865 400 762 985 591 502 291 601 31 211 207 228 160 523 328 10 707 423 324 194 
949 517 55 290 784 129 21 599 792 529 46 542 766 707 864 166 878 808 61 475 657 933 257 596 378 685 506 223 928 376 421 369 577 194 341 824 73 948 618 764 469 682 275 609 290 873 147 926 772 7 860 963 543 119 95 764 560 563 959 743 57 641 48 63 87 145 338 463 947 611 494 190 762 851 717 908 758 714 123 240 712 59 7 199 900 18 183 324 938 301 325 915 302 472 659 595 79 345 584 31 
12440 12184 13875 11869 12243 
556 125 736 557 301 6 111 16 704 952 408 492 163 938 315 949 670 1000 457 816 357 495 916 852 614 161 60 382 373 570 182 934 129 542 767 964 896 350 178 557 975 70 226 356 404 79 833 616 575 987 340 794 321 337 580 920 425 170 955 581 739 622 473 789 946 499 666 546 630 997 462 750 841 795 2 522 778 42 714 645 855 396 768 392 141 544 847 263 325 227 765 128 10 973 162 743 208 223 981 143 
413 794 494 821 348 961 63 962 799 242 352 337 111 559 889 595 914 576 312 323 153 888 287 627 888 634 424 365 374 85 650 265 711 204 816 595 111 707 774 138 687 131 279 775 191 217 181 750 890 776 484 655 662 662 995 248 718 321 533 391 81 253 879 540 959 118 989 781 678 787 424 721 623 833 986 141 66 983 449 654 458 675 515 718 486 881 726 386 796 229 398 335 624 283 182 589 153 945 272 849 
907 447 158 840 440 413 75 682 936 933 753 47 488 649 475 88 464 50 485 672 254 171 548 202 227 673 888 176 82 811 292 522 717 592 235 398 519 987 937 12 599 414 362 818 998 654 32 469 618 781 944 499 860 216 499 695 231 776 121 703 876 260 938 643 746 967 360 630 46 555 818 52 6 331 24 328 749 206 906 346 104 415 680 187 220 255 122 51 231 536 897 727 782 113 947 206 566 738 733 891 
547 399 669 818 623 164 859 960 509 365 351 949 25 197 264 678 581 500 285 422 802 200 287 968 674 379 733 455 956 967 829 154 902 240 70 212 878 160 900 594 582 365 49 368 156 68 99 554 145 319 303 423 257 348 915 905 684 562 217 471 532 334 601 729 566 886 824 253 606 618 418 217 153 725 701 451 402 372 820 111 770 205 698 976 370 449 378 633 566 240 13 689 385 319 341 863 462 630 91 525 
599 63 627 495 55 314 599 374 472 554 946 583 359 675 87 563 150 661 58 523 885 946 125 544 318 593 647 299 47 898 462 502 572 556 361 385 464 105 533 83 1 112 323 14 581 291 159 108 702 454 251 385 537 337 675 787 970 822 528 782 29 81 430 957 599 52 314 180 877 28 115 483 451 434 494 849 212 520 178 354 251 72 770 806 580 97 80 821 379 635 508 988 748 542 41 451 87 107 658 636 
13162 13388 12431 12309 10949 
