100 5 5
692 957 549 809 827 705 832 422 654 619 773 996 1153 359 937 590 445 295 467 660 501 587 523 820 823 762 904 862 1241 367 534 308 951 759 502 380 268 646 333 1110 270 772 1024 702 491 1096 696 696 651 347 307 369 505 893 326 14 964 945 907 385 824 766 641 339 351 767 577 296 821 814 578 847 858 417 907 690 746 596 624 721 918 1172 317 1049 844 847 828 812 847 579 706 319 688 965 844 712 970 1020 563 567 
666 688 983 479 117 68 357 972 505 865 36 603 982 727 396 23 201 67 423 272 234 567 168 798 693 2 317 576 393 990 284 235 602 374 471 196 30 268 47 516 362 963 570 174 226 281 213 297 699 51 327 590 929 342 883 145 31 753 947 71 449 579 772 876 755 342 30 809 24 336 217 568 299 157 846 183 654 223 10 870 835 808 508 977 309 997 920 892 749 355 819 186 46 591 102 859 935 855 334 968 
716 97 257 968 460 815 704 32 961 767 253 693 737 316 780 233 190 414 393 143 536 274 69 87 693 449 840 480 662 906 877 320 890 791 464 316 78 800 576 728 475 546 845 406 86 580 856 927 325 655 85 690 95 4 193 552 840 458 995 491 7 518 284 121 728 306 646 365 632 937 558 48 229 303 666 873 881 411 272 466 330 665 60 782 450 769 583 427 799 266 319 100 362 213 307 468 352 873 355 89 
923 385 266 374 886 895 107 647 138 39 461 866 524 500 589 586 410 595 687 98 585 241 308 436 368 773 523 223 978 141 47 386 766 729 748 628 47 826 234 430 123 265 909 143 395 863 154 262 335 696 313 557 150 558 898 82 984 246 98 860 597 101 762 607 530 657 340 104 943 783 621 688 721 384 233 689 296 339 209 122 599 624 861 866 543 810 769 846 955 642 561 922 994 931 908 329 366 513 274 868 
742 496 589 804 302 958 873 201 818 391 491 166 133 125 858 858 516 468 113 688 40 303 568 489 727 149 709 510 747 208 605 55 549 411 131 83 785 273 396 445 417 365 873 155 879 741 426 742 755 118 26 24 88 534 62 17 455 923 293 640 856 919 751 178 332 784 749 51 875 417 196 727 950 483 809 232 101 745 507 261 814 757 652 727 658 902 421 731 1000 303 68 53 501 782 718 979 530 824 692 926 
827 439 328 494 745 386 124 996 847 440 943 999 181 500 574 355 934 472 76 693 122 447 881 847 971 500 644 116 679 315 648 378 450 187 368 427 225 57 458 274 182 395 396 613 47 337 586 694 813 340 51 41 981 699 862 574 873 738 487 12 556 689 282 1 31 5 787 348 286 361 123 39 490 138 892 829 933 141 758 679 47 98 729 982 675 749 42 168 600 192 337 163 264 793 536 843 715 964 651 619 
24045 24345 26096 25634 24302 
556 125 736 557 301 6 111 16 704 952 408 492 163 938 315 949 670 1000 457 816 357 495 916 852 614 161 60 382 373 570 182 934 129 542 767 964 896 350 178 557 975 70 226 356 404 79 833 616 575 987 340 794 321 337 580 920 425 170 955 581 739 622 473 789 946 499 666 546 630 997 462 750 841 795 2 522 778 42 714 645 855 396 768 392 141 544 847 263 325 227 765 128 10 973 162 743 208 223 981 143 
413 794 494 821 348 961 63 962 799 242 352 337 111 559 889 595 914 576 312 323 153 888 287 627 888 634 424 365 374 85 650 265 711 204 816 595 111 707 774 138 687 131 279 775 191 217 181 750 890 776 484 655 662 662 995 248 718 321 533 391 81 253 879 540 959 118 989 781 678 787 424 721 623 833 986 141 66 983 449 654 458 675 515 718 486 881 726 386 796 229 398 335 624 283 182 589 153 945 272 849 
907 447 158 840 440 413 75 682 936 933 753 47 488 649 475 88 464 50 485 672 254 171 548 202 227 673 888 176 82 811 292 522 717 592 235 398 519 987 937 12 599 414 362 818 998 654 32 469 618 781 944 499 860 216 499 695 231 776 121 703 876 260 938 643 746 967 360 630 46 555 818 52 6 331 24 328 749 206 906 346 104 415 680 187 220 255 122 51 231 536 897 727 782 113 947 206 566 738 733 891 
547 399 669 818 623 164 859 960 509 365 351 949 25 197 264 678 581 500 285 422 802 200 287 968 674 379 733 455 956 967 829 154 902 240 70 212 878 160 900 594 582 365 49 368 156 68 99 554 145 319 303 423 257 348 915 905 684 562 217 471 532 334 601 729 566 886 824 253 606 618 418 217 153 725 701 451 402 372 820 111 770 205 698 976 370 449 378 633 566 240 13 689 385 319 341 863 462 630 91 525 
599 63 627 495 55 314 599 374 472 554 946 583 359 675 87 563 150 661 58 523 885 946 125 544 318 593 647 299 47 898 462 502 572 556 361 385 464 105 533 83 1 112 323 14 581 291 159 108 702 454 251 385 537 337 675 787 970 822 528 782 29 81 430 957 599 52 314 180 877 28 115 483 451 434 494 849 212 520 178 354 251 72 770 806 580 97 80 821 379 635 508 988 748 542 41 451 87 107 658 636 
26324 26776 24861 24619 21898 
