100 10 10
-33 -32 425 -163 241 -197 492 -224 -73 -104 337 -212 -4 645 421 275 -217 453 258 -211 -52 659 328 -138 -179 -101 374 231 -69 -44 397 -164 -77 -96 428 467 617 -21 528 -42 556 291 595 405 496 464 -46 -115 487 -1 -130 240 -22 -34 -103 464 -109 -178 336 -100 306 488 234 -32 -35 285 571 531 -206 -147 -45 -167 -89 449 555 426 347 -230 296 -131 312 -133 -210 299 665 -137 -90 332 376 423 -112 -33 320 316 533 624 -42 -41 333 -143 
300 78 275 724 674 227 84 587 768 51 446 955 886 871 557 978 336 442 71 222 505 327 706 86 596 257 726 420 835 792 739 373 796 769 745 540 966 450 721 242 559 352 990 951 875 329 803 892 52 681 388 824 892 381 52 774 372 368 969 929 378 449 249 255 123 745 978 862 302 549 229 418 389 768 961 186 657 717 254 533 733 144 208 928 919 402 536 900 893 814 121 601 262 207 735 125 755 581 464 674 
297 539 903 75 384 474 909 5 97 323 326 125 578 415 420 581 272 455 895 294 633 858 215 157 807 322 670 997 315 101 489 784 479 836 224 917 898 894 347 576 434 834 243 940 403 326 408 353 945 307 48 302 287 621 546 749 869 147 870 329 115 450 534 592 609 25 16 392 202 5 818 195 444 571 948 154 552 567 820 243 537 358 260 706 471 237 676 281 145 273 567 87 692 787 878 857 821 89 983 388 
24 638 899 982 207 788 194 455 217 71 799 539 720 713 443 268 257 861 891 857 633 620 336 912 500 361 66 469 789 717 244 73 780 801 894 185 947 680 917 275 887 792 986 424 167 108 389 258 941 963 47 869 711 117 170 725 221 131 370 371 792 460 264 518 111 127 370 875 121 69 396 485 433 305 589 908 460 214 1 389 972 31 426 836 986 20 941 652 222 914 93 634 646 343 923 613 808 264 160 254 
791 715 560 703 415 363 239 357 953 567 368 349 21 874 874 872 443 56 632 798 255 773 36 692 239 485 980 381 886 875 592 345 863 778 985 520 385 110 905 501 69 944 922 106 680 315 735 912 904 585 877 475 136 92 495 799 300 479 540 125 820 712 258 299 776 587 358 503 815 168 979 658 840 984 974 532 765 962 851 323 963 904 185 507 762 40 798 108 628 547 123 127 231 8 781 862 810 638 248 198 
98 947 956 509 298 728 253 779 244 208 324 227 50 708 719 158 787 33 536 60 327 852 128 105 968 314 978 368 318 826 407 123 617 943 757 326 620 687 63 439 614 533 522 174 439 862 981 972 789 573 262 989 573 184 604 828 336 503 1000 515 954 751 627 776 676 899 870 974 516 5 891 848 218 664 79 542 938 397 660 397 567 183 96 592 846 271 943 201 558 926 961 357 216 110 419 627 267 111 742 211 
4 459 106 86 392 345 585 761 193 746 19 393 73 932 117 389 2 10 184 406 314 256 3 544 903 839 640 893 606 660 622 86 475 297 420 672 928 409 969 696 694 276 507 431 252 910 206 260 666 464 784 372 740 948 998 314 887 968 257 230 62 410 718 543 553 397 728 640 306 471 118 499 463 987 916 425 198 525 435 677 301 329 775 699 892 242 620 36 881 3 192 806 761 543 806 118 543 810 272 461 
926 396 649 219 598 352 454 493 1 968 979 240 675 6 373 499 51 699 731 134 899 312 402 997 449 494 621 938 211 749 169 118 413 367 514 726 802 170 440 501 132 679 671 373 164 295 137 860 184 358 299 696 263 966 570 155 629 12 164 261 471 833 958 805 78 352 857 253 548 250 75 55 823 187 679 627 680 626 44 78 179 116 950 866 900 669 182 376 725 635 466 398 770 611 285 688 921 640 853 856 
682 495 207 741 459 268 898 380 440 138 413 193 148 348 642 148 274 830 679 964 82 147 289 557 396 805 679 912 630 230 943 254 54 746 563 349 878 552 721 367 803 132 982 221 891 751 296 406 689 721 77 199 803 187 191 769 174 999 84 598 886 747 63 225 655 10 984 880 378 386 804 451 360 779 364 154 897 572 863 864 522 317 575 337 375 411 692 196 302 16 251 608 751 295 180 904 13 695 726 615 
942 431 834 554 850 484 58 191 108 75 792 801 451 994 950 145 512 956 345 52 750 776 653 15 515 296 223 19 192 914 388 272 474 673 229 490 6 753 670 278 158 541 795 163 998 528 394 65 614 349 198 451 325 136 570 635 921 192 919 657 169 643 755 548 638 576 666 133 709 794 457 334 134 105 847 949 986 400 747 47 767 63 331 327 675 655 233 724 633 743 494 36 382 25 187 883 483 923 860 249 
608 446 555 22 45 384 422 518 80 954 960 253 285 425 552 513 984 757 219 50 772 956 434 427 417 676 227 693 279 50 249 199 422 485 747 680 353 545 254 128 710 469 97 585 398 780 700 361 509 36 216 357 912 927 188 229 161 309 765 834 220 310 538 399 247 624 699 154 748 77 575 553 454 161 640 693 28 487 111 424 112 17 95 597 87 1 307 203 806 571 334 441 489 374 695 929 411 438 416 805 
13640 12048 12574 13915 13232 12190 12242 12394 12258 10960 
556 736 301 111 704 408 163 315 670 457 357 916 614 60 373 182 129 767 896 178 975 226 404 833 575 340 321 580 425 955 739 473 946 666 630 462 841 2 778 714 855 768 141 847 325 765 10 162 208 981 638 184 124 910 332 634 555 55 396 23 171 310 181 378 600 742 275 601 951 731 166 659 15 230 577 807 420 862 974 991 795 938 792 647 59 991 759 627 328 902 629 510 103 788 73 379 573 783 310 38 
413 494 348 63 799 352 111 889 914 312 153 287 888 424 374 650 711 816 111 774 687 279 191 181 890 484 662 995 718 533 81 879 959 989 678 424 623 986 66 449 458 515 486 726 796 398 624 182 153 272 23 598 392 154 253 691 849 842 414 986 189 41 786 540 227 14 608 125 948 638 256 555 60 673 157 75 495 829 687 438 432 476 101 986 350 733 261 409 956 615 463 265 182 989 616 194 959 842 223 968 
907 158 440 75 936 753 488 475 464 485 254 548 227 888 82 292 717 235 519 937 599 362 998 32 618 944 860 499 231 121 876 938 746 360 46 818 6 24 749 906 104 680 220 122 231 897 782 947 566 733 673 96 589 279 10 976 981 504 635 386 93 470 16 274 418 716 568 160 76 413 458 573 863 885 150 185 117 448 783 820 72 325 82 329 881 842 686 866 461 949 138 492 253 608 240 162 690 255 968 431 
547 669 623 859 509 351 25 264 581 285 802 287 674 733 956 829 902 70 878 900 582 49 156 99 145 303 257 915 684 217 532 601 566 824 606 418 153 701 402 820 770 698 370 378 566 13 385 341 462 91 789 582 683 578 25 95 578 209 99 34 768 187 49 292 163 303 915 856 318 754 168 634 48 478 637 519 990 849 295 913 472 751 553 271 579 190 492 468 570 1 576 147 477 90 997 444 523 866 94 313 
599 627 55 599 472 946 359 87 150 58 885 125 318 647 47 462 572 361 464 533 1 323 581 159 702 251 537 675 970 528 29 430 599 314 877 115 451 494 212 178 251 770 580 80 379 508 748 41 87 658 426 7 904 266 984 726 953 971 875 294 122 792 248 108 153 170 64 720 476 705 478 37 387 960 10 756 824 784 505 976 387 91 573 956 667 424 963 85 906 896 218 989 573 253 265 820 966 934 477 979 
125 557 6 16 952 492 938 949 1000 816 495 852 161 382 570 934 542 964 350 557 70 356 79 616 987 794 337 920 170 581 622 789 499 546 997 750 795 522 42 645 396 392 544 263 227 128 973 743 223 143 612 738 139 611 588 484 932 434 61 491 219 569 866 354 237 631 83 167 771 474 795 638 344 395 670 494 501 940 735 748 120 983 430 497 890 810 588 59 386 650 35 143 164 62 720 641 895 909 829 231 
794 821 961 962 242 337 559 595 576 323 888 627 634 365 85 265 204 595 707 138 131 775 217 750 776 655 662 248 321 391 253 540 118 781 787 721 833 141 983 654 675 718 881 386 229 335 283 589 945 849 833 892 509 56 683 744 588 417 173 750 55 462 749 945 969 916 624 70 973 67 938 194 667 374 776 371 404 876 556 709 293 676 757 361 355 102 595 260 299 485 272 312 271 463 361 855 24 19 298 361 
447 840 413 682 933 47 649 88 50 672 171 202 673 176 811 522 592 398 987 12 414 818 654 469 781 499 216 695 776 703 260 643 967 630 555 52 331 328 206 346 415 187 255 51 536 727 113 206 738 891 435 691 157 985 49 95 71 494 702 802 877 946 736 448 337 801 306 713 360 563 397 815 992 443 365 981 937 344 895 302 890 205 977 32 267 802 747 893 838 413 271 684 290 313 471 47 495 810 84 375 
399 818 164 960 365 949 197 678 500 422 200 968 379 455 967 154 240 212 160 594 365 368 68 554 319 423 348 905 562 471 334 729 886 253 618 217 725 451 372 111 205 976 449 633 240 689 319 863 630 525 927 728 915 454 187 523 599 957 626 54 220 283 86 308 786 659 34 879 227 444 828 209 378 280 366 209 623 292 655 854 14 14 461 204 339 516 84 128 309 493 285 597 250 582 429 322 883 657 125 63 
63 495 314 374 554 583 675 563 661 523 946 544 593 299 898 502 556 385 105 83 112 14 291 108 454 385 337 787 822 782 81 957 52 180 28 483 434 849 520 354 72 806 97 821 635 988 542 451 107 636 284 605 430 349 519 815 420 419 335 549 664 462 751 305 428 769 554 618 25 986 400 591 925 838 361 82 368 894 458 70 21 76 664 522 546 891 202 764 368 607 38 312 49 762 731 155 269 932 359 357 
12839 12703 12310 11883 12249 13143 13016 12693 11434 11700 
