100 5 5
455 787 545 640 955 404 796 254 556 566 839 808 1067 404 668 745 463 464 583 842 539 912 529 602 749 638 911 742 1030 326 321 575 845 783 342 316 430 660 368 1198 465 762 595 812 649 864 958 594 853 292 696 378 522 647 322 63 860 708 700 241 890 721 586 277 206 875 667 396 459 705 504 842 926 759 871 530 425 583 538 680 820 1207 343 772 715 309 710 778 210 610 858 601 902 777 809 213 661 757 661 552 
495 707 875 928 542 474 824 312 266 682 366 999 147 823 86 841 371 853 68 815 88 935 503 785 407 172 663 415 243 760 323 902 783 675 521 466 521 620 533 208 634 483 542 832 648 441 939 380 938 640 721 340 390 42 705 517 5 315 331 534 305 941 165 40 332 983 770 264 7 525 475 798 509 438 77 626 30 591 696 84 346 619 595 504 971 559 792 940 281 55 524 561 485 963 290 51 692 807 852 737 
377 556 313 90 505 18 101 582 941 459 515 959 850 597 523 724 256 831 764 940 780 881 280 82 862 65 346 205 434 354 128 141 407 499 153 548 329 192 565 898 894 642 302 7 331 647 858 790 604 82 365 94 830 9 769 984 917 672 189 232 676 97 783 500 271 480 841 629 162 191 316 616 337 855 935 915 148 105 150 800 312 879 547 899 6 454 213 459 65 320 723 779 786 3 127 214 84 580 970 636 
278 49 491 78 884 456 503 291 981 106 472 385 771 744 238 306 740 193 733 540 122 425 524 182 989 770 833 219 587 686 340 169 965 756 123 6 554 686 71 735 295 212 24 553 613 234 877 491 713 770 506 793 305 282 375 2 756 660 629 292 230 871 192 212 62 568 602 888 528 896 213 232 801 780 902 80 567 632 578 551 620 689 602 164 534 68 110 485 343 897 907 744 861 319 580 206 425 775 145 514 
929 88 946 525 836 205 722 118 832 560 732 268 14 485 918 596 592 374 464 569 559 971 579 263 959 326 929 45 463 391 328 821 506 907 30 278 447 373 764 588 241 523 402 116 694 423 710 177 967 138 684 109 996 400 988 305 708 371 247 83 904 464 855 514 949 116 433 75 235 133 131 249 793 904 934 558 476 566 58 764 548 942 996 953 565 200 304 398 461 279 678 823 954 540 718 600 346 121 635 956 
887 133 57 933 657 737 110 978 33 707 706 51 622 18 366 638 658 885 518 215 434 521 414 529 143 193 573 695 952 443 556 953 340 52 829 312 400 699 227 680 748 902 454 808 413 176 435 850 988 229 749 891 81 450 318 81 551 191 668 488 959 482 860 483 313 763 630 594 294 817 486 424 862 471 694 106 315 174 124 271 586 273 479 705 188 530 1000 888 41 640 307 201 424 821 954 185 78 705 470 828 
13164 12033 12184 13178 12688 
556 125 736 557 301 6 111 16 704 952 408 492 163 938 315 949 670 1000 457 816 357 495 916 852 614 161 60 382 373 570 182 934 129 542 767 964 896 350 178 557 975 70 226 356 404 79 833 616 575 987 340 794 321 337 580 920 425 170 955 581 739 622 473 789 946 499 666 546 630 997 462 750 841 795 2 522 778 42 714 645 855 396 768 392 141 544 847 263 325 227 765 128 10 973 162 743 208 223 981 143 
413 794 494 821 348 961 63 962 799 242 352 337 111 559 889 595 914 576 312 323 153 888 287 627 888 634 424 365 374 85 650 265 711 204 816 595 111 707 774 138 687 131 279 775 191 217 181 750 890 776 484 655 662 662 995 248 718 321 533 391 81 253 879 540 959 118 989 781 678 787 424 721 623 833 986 141 66 983 449 654 458 675 515 718 486 881 726 386 796 229 398 335 624 283 182 589 153 945 272 849 
907 447 158 840 440 413 75 682 936 933 753 47 488 649 475 88 464 50 485 672 254 171 548 202 227 673 888 176 82 811 292 522 717 592 235 398 519 987 937 12 599 414 362 818 998 654 32 469 618 781 944 499 860 216 499 695 231 776 121 703 876 260 938 643 746 967 360 630 46 555 818 52 6 331 24 328 749 206 906 346 104 415 680 187 220 255 122 51 231 536 897 727 782 113 947 206 566 738 733 891 
547 399 669 818 623 164 859 960 509 365 351 949 25 197 264 678 581 500 285 422 802 200 287 968 674 379 733 455 956 967 829 154 902 240 70 212 878 160 900 594 582 365 49 368 156 68 99 554 145 319 303 423 257 348 915 905 684 562 217 471 532 334 601 729 566 886 824 253 606 618 418 217 153 725 701 451 402 372 820 111 770 205 698 976 370 449 378 633 566 240 13 689 385 319 341 863 462 630 91 525 
599 63 627 495 55 314 599 374 472 554 946 583 359 675 87 563 150 661 58 523 885 946 125 544 318 593 647 299 47 898 462 502 572 556 361 385 464 105 533 83 1 112 323 14 581 291 159 108 702 454 251 385 537 337 675 787 970 822 528 782 29 81 430 957 599 52 314 180 877 28 115 483 451 434 494 849 212 520 178 354 251 72 770 806 580 97 80 821 379 635 508 988 748 542 41 451 87 107 658 636 
13162 13388 12431 12309 10949 
