100 10 10
644 715 817 938 578 285 774 337 538 756 812 962 628 619 550 607 515 515 331 871 740 878 926 893 339 906 787 380 875 421 555 246 635 562 361 548 722 631 706 927 562 120 666 948 741 684 484 500 737 431 436 482 592 924 731 263 860 873 855 615 871 487 623 650 624 716 845 486 812 704 734 649 765 687 776 712 514 425 739 428 955 1058 374 798 783 153 595 674 183 460 960 593 1151 701 610 475 456 473 817 558 
504 793 417 431 998 431 371 636 239 361 408 766 184 145 66 900 599 362 301 846 103 819 382 917 156 977 314 68 822 68 896 111 93 757 679 22 825 781 165 727 750 372 988 254 945 995 77 158 222 371 482 325 333 674 421 409 480 673 665 516 334 454 204 232 12 274 705 627 352 858 407 401 357 406 556 188 381 924 575 188 178 890 696 206 675 293 768 679 376 868 63 813 548 275 177 521 804 664 904 422 
923 48 745 889 123 864 142 118 643 67 582 966 164 206 406 386 130 604 238 487 978 778 980 383 424 826 857 634 781 952 28 97 499 55 322 479 720 81 659 573 804 112 691 756 947 543 726 346 920 784 840 952 960 92 767 89 914 188 313 283 167 794 13 83 30 366 315 354 357 793 131 58 390 228 686 254 599 294 878 932 959 632 846 788 369 361 657 309 123 688 116 308 187 549 906 252 158 485 860 524 
80 905 997 283 851 206 918 212 32 483 734 809 614 661 327 65 485 841 761 394 377 510 96 141 136 209 637 451 442 237 892 123 243 25 810 705 857 319 700 510 462 69 280 545 173 702 317 449 732 190 73 135 158 783 814 341 686 934 11 810 202 461 844 345 805 855 769 756 770 390 376 315 945 180 146 756 148 139 645 962 71 461 231 838 937 26 397 294 509 53 719 128 607 550 412 44 494 806 420 844 
870 28 785 997 610 345 845 731 972 605 106 989 301 648 987 14 107 240 166 975 885 62 863 180 119 447 19 365 646 683 257 353 427 160 568 442 352 795 768 499 299 587 290 739 525 910 511 918 514 208 9 487 934 624 892 24 820 345 658 349 902 1000 585 875 635 730 789 436 211 91 956 71 939 518 518 546 921 40 313 15 464 35 774 296 545 803 133 618 549 523 745 626 740 365 891 514 372 467 615 353 
763 568 561 430 459 221 910 339 505 765 322 746 179 840 340 152 981 832 99 971 762 741 799 421 178 89 776 582 208 882 639 395 888 123 383 304 812 233 777 638 59 982 577 61 573 296 84 8 274 111 110 763 211 616 765 318 71 420 720 598 702 40 253 656 307 123 333 861 404 177 1000 91 513 986 999 585 318 626 414 568 64 974 206 187 497 11 387 493 115 471 618 828 799 556 113 289 811 104 740 780 
637 926 187 170 562 10 388 454 932 302 697 969 295 855 466 873 978 575 905 482 543 289 943 47 433 831 370 110 496 3 43 951 61 671 209 707 742 917 727 548 465 117 870 401 216 194 155 966 936 275 822 413 657 91 351 934 462 512 673 455 66 387 795 236 918 620 203 894 893 507 810 651 115 646 597 417 449 758 952 586 106 864 907 541 371 28 842 451 197 335 701 92 993 297 732 245 672 302 569 514 
695 517 611 363 308 250 269 161 388 787 347 293 145 573 423 180 132 349 831 532 406 53 864 77 358 404 166 24 705 260 666 713 133 778 218 188 388 72 79 673 264 154 242 158 699 27 900 537 692 541 79 554 777 970 367 362 543 781 592 903 626 823 423 226 797 595 600 678 385 577 483 281 614 667 957 695 802 793 592 411 948 724 297 406 454 405 381 723 6 203 619 880 732 870 264 148 281 439 373 521 
556 244 897 976 580 533 390 463 245 527 323 660 26 419 239 414 270 766 104 296 42 846 967 700 238 834 572 169 321 647 33 452 78 801 304 40 76 128 619 158 972 670 647 570 432 81 607 187 48 941 769 576 252 519 771 619 584 394 69 335 419 26 187 185 118 601 880 416 621 228 300 523 383 445 74 951 741 567 217 5 460 372 568 653 770 966 281 333 130 318 896 288 920 248 92 102 228 244 371 335 
807 314 275 744 566 629 220 273 297 668 535 660 242 584 492 206 878 634 622 282 461 855 768 794 241 922 420 101 184 576 247 463 762 498 494 979 834 245 359 833 52 41 599 920 978 587 494 42 855 67 341 346 80 877 891 678 637 592 650 820 451 304 245 214 222 291 790 134 649 406 865 288 567 581 401 993 245 941 558 795 357 513 324 917 946 199 202 660 132 664 215 109 715 377 829 206 228 141 642 87 
469 239 538 116 632 281 279 599 74 292 468 223 808 622 108 363 477 493 205 53 126 21 891 22 818 69 30 573 891 201 643 927 670 656 516 694 953 835 215 434 649 3 199 911 8 207 876 28 9 447 595 223 788 404 333 360 823 900 609 116 627 183 33 487 546 122 357 454 465 574 306 169 378 520 528 572 294 22 157 231 868 535 101 203 660 495 383 667 483 709 54 460 460 573 164 805 154 884 190 724 
12201 12416 11848 13093 12057 13132 11805 10865 12479 10652 
556 736 301 111 704 408 163 315 670 457 357 916 614 60 373 182 129 767 896 178 975 226 404 833 575 340 321 580 425 955 739 473 946 666 630 462 841 2 778 714 855 768 141 847 325 765 10 162 208 981 638 184 124 910 332 634 555 55 396 23 171 310 181 378 600 742 275 601 951 731 166 659 15 230 577 807 420 862 974 991 795 938 792 647 59 991 759 627 328 902 629 510 103 788 73 379 573 783 310 38 
413 494 348 63 799 352 111 889 914 312 153 287 888 424 374 650 711 816 111 774 687 279 191 181 890 484 662 995 718 533 81 879 959 989 678 424 623 986 66 449 458 515 486 726 796 398 624 182 153 272 23 598 392 154 253 691 849 842 414 986 189 41 786 540 227 14 608 125 948 638 256 555 60 673 157 75 495 829 687 438 432 476 101 986 350 733 261 409 956 615 463 265 182 989 616 194 959 842 223 968 
907 158 440 75 936 753 488 475 464 485 254 548 227 888 82 292 717 235 519 937 599 362 998 32 618 944 860 499 231 121 876 938 746 360 46 818 6 24 749 906 104 680 220 122 231 897 782 947 566 733 673 96 589 279 10 976 981 504 635 386 93 470 16 274 418 716 568 160 76 413 458 573 863 885 150 185 117 448 783 820 72 325 82 329 881 842 686 866 461 949 138 492 253 608 240 162 690 255 968 431 
547 669 623 859 509 351 25 264 581 285 802 287 674 733 956 829 902 70 878 900 582 49 156 99 145 303 257 915 684 217 532 601 566 824 606 418 153 701 402 820 770 698 370 378 566 13 385 341 462 91 789 582 683 578 25 95 578 209 99 34 768 187 49 292 163 303 915 856 318 754 168 634 48 478 637 519 990 849 295 913 472 751 553 271 579 190 492 468 570 1 576 147 477 90 997 444 523 866 94 313 
599 627 55 599 472 946 359 87 150 58 885 125 318 647 47 462 572 361 464 533 1 323 581 159 702 251 537 675 970 528 29 430 599 314 877 115 451 494 212 178 251 770 580 80 379 508 748 41 87 658 426 7 904 266 984 726 953 971 875 294 122 792 248 108 153 170 64 720 476 705 478 37 387 960 10 756 824 784 505 976 387 91 573 956 667 424 963 85 906 896 218 989 573 253 265 820 966 934 477 979 
125 557 6 16 952 492 938 949 1000 816 495 852 161 382 570 934 542 964 350 557 70 356 79 616 987 794 337 920 170 581 622 789 499 546 997 750 795 522 42 645 396 392 544 263 227 128 973 743 223 143 612 738 139 611 588 484 932 434 61 491 219 569 866 354 237 631 83 167 771 474 795 638 344 395 670 494 501 940 735 748 120 983 430 497 890 810 588 59 386 650 35 143 164 62 720 641 895 909 829 231 
794 821 961 962 242 337 559 595 576 323 888 627 634 365 85 265 204 595 707 138 131 775 217 750 776 655 662 248 321 391 253 540 118 781 787 721 833 141 983 654 675 718 881 386 229 335 283 589 945 849 833 892 509 56 683 744 588 417 173 750 55 462 749 945 969 916 624 70 973 67 938 194 667 374 776 371 404 876 556 709 293 676 757 361 355 102 595 260 299 485 272 312 271 463 361 855 24 19 298 361 
447 840 413 682 933 47 649 88 50 672 171 202 673 176 811 522 592 398 987 12 414 818 654 469 781 499 216 695 776 703 260 643 967 630 555 52 331 328 206 346 415 187 255 51 536 727 113 206 738 891 435 691 157 985 49 95 71 494 702 802 877 946 736 448 337 801 306 713 360 563 397 815 992 443 365 981 937 344 895 302 890 205 977 32 267 802 747 893 838 413 271 684 290 313 471 47 495 810 84 375 
399 818 164 960 365 949 197 678 500 422 200 968 379 455 967 154 240 212 160 594 365 368 68 554 319 423 348 905 562 471 334 729 886 253 618 217 725 451 372 111 205 976 449 633 240 689 319 863 630 525 927 728 915 454 187 523 599 957 626 54 220 283 86 308 786 659 34 879 227 444 828 209 378 280 366 209 623 292 655 854 14 14 461 204 339 516 84 128 309 493 285 597 250 582 429 322 883 657 125 63 
63 495 314 374 554 583 675 563 661 523 946 544 593 299 898 502 556 385 105 83 112 14 291 108 454 385 337 787 822 782 81 957 52 180 28 483 434 849 520 354 72 806 97 821 635 988 542 451 107 636 284 605 430 349 519 815 420 419 335 549 664 462 751 305 428 769 554 618 25 986 400 591 925 838 361 82 368 894 458 70 21 76 664 522 546 891 202 764 368 607 38 312 49 762 731 155 269 932 359 357 
12839 12703 12310 11883 12249 13143 13016 12693 11434 11700 
