250 10 5
-213 473 487 185 -138 -32 281 461 338 434 229 488 499 -142 494 396 -134 537 310 -31 386 540 295 634 195 196 -9 -218 -23 310 491 186 -122 -85 -104 395 -75 523 495 -81 541 365 -16 -36 -11 -37 267 357 445 291 -2 329 -145 389 175 -51 -75 -115 -17 386 774 362 785 420 517 542 292 375 -168 -125 575 -175 380 -46 629 274 -39 288 337 -320 446 444 -72 292 431 280 370 -56 393 -91 571 351 497 300 430 563 -122 -114 -148 217 -127 243 -95 -78 -66 489 269 187 -96 246 483 -41 428 264 348 -29 275 -97 699 497 496 -34 401 206 471 296 -119 354 -24 327 -45 -68 387 220 404 -106 277 -84 275 197 442 -14 191 214 -2 420 362 -88 536 362 -101 503 506 -75 374 204 264 196 -1 -28 772 324 -2 -126 380 -67 601 -122 411 455 408 207 443 229 -151 386 433 499 358 -22 578 184 609 259 -10 -170 207 224 239 311 -86 406 264 -75 -39 271 -60 638 429 -65 211 337 370 -190 572 294 225 -56 206 290 -104 181 215 -127 438 294 245 205 192 321 368 392 453 244 -81 484 356 372 197 441 588 195 437 -167 -351 243 -45 404 511 -34 399 415 252 194 521 225 -51 -54 265 -19 
727 546 265 49 992 474 282 640 672 748 975 353 700 546 806 529 495 981 237 661 196 924 672 520 232 896 309 852 941 120 414 825 501 408 356 809 13 576 571 119 830 293 930 635 858 778 359 974 274 284 213 158 554 584 388 201 25 238 604 953 138 610 753 92 68 358 149 656 521 432 25 32 825 157 258 97 244 715 843 324 930 879 6 121 811 523 322 136 445 197 43 759 784 256 148 370 139 123 21 694 557 467 492 116 819 674 381 941 789 212 826 466 646 53 897 656 359 373 728 174 739 662 961 854 776 739 117 509 907 160 778 27 864 57 868 97 756 980 317 902 890 78 780 743 159 663 918 706 759 413 72 849 780 248 823 431 410 922 926 348 651 421 285 136 587 386 721 89 362 173 440 324 813 697 457 189 989 293 997 752 738 803 560 923 455 69 150 217 453 550 277 111 899 121 766 804 269 589 363 427 920 147 488 88 990 637 585 756 206 790 959 880 193 353 609 539 900 267 356 244 769 943 619 14 732 741 805 655 158 146 850 903 724 527 19 912 20 41 563 386 436 267 378 716 419 981 379 833 340 482 
682 920 463 373 912 194 550 25 346 81 135 419 909 229 158 200 722 822 207 6 609 177 783 331 30 722 113 256 470 630 15 852 729 421 734 455 20 474 231 213 925 850 711 646 318 574 86 855 109 217 720 203 306 215 206 624 213 204 441 857 530 208 484 775 223 532 486 454 87 669 746 40 902 35 407 252 523 792 693 604 820 729 895 954 821 974 913 744 654 234 438 881 111 769 787 451 949 572 256 745 233 749 76 43 765 11 302 468 718 965 715 895 87 134 2 225 228 686 665 860 601 490 302 768 277 736 53 274 819 469 284 122 786 370 991 485 130 226 716 480 605 324 367 903 966 745 716 96 109 501 773 99 966 726 169 374 68 917 425 666 569 687 441 487 50 178 579 128 668 968 603 278 794 93 489 301 177 945 874 65 489 492 798 390 484 996 576 666 732 416 367 851 599 530 535 624 305 975 943 994 181 597 312 574 171 417 402 25 496 190 254 970 672 956 387 853 485 430 226 261 29 186 824 479 596 606 775 199 575 16 739 907 291 10 901 889 601 359 977 42 59 776 496 531 635 108 205 943 191 995 
224 887 159 938 596 532 378 132 536 290 91 13 872 884 520 710 57 159 388 742 639 49 593 535 943 654 632 156 467 309 884 196 609 919 297 536 730 955 352 91 595 554 831 134 333 509 674 736 637 200 116 8 827 237 188 139 339 585 592 460 638 167 202 143 821 382 901 68 826 723 53 75 431 830 978 699 899 326 995 739 432 707 273 124 534 368 291 101 365 452 955 605 268 693 146 486 237 644 329 78 269 78 75 748 388 839 459 253 593 143 9 668 867 25 163 675 303 160 709 700 332 265 369 326 928 94 309 712 96 488 455 494 994 218 904 543 515 877 411 563 296 335 373 780 69 610 994 3 694 598 76 824 953 446 994 350 968 75 409 149 111 811 893 773 186 911 854 34 492 191 947 780 599 702 103 404 30 798 486 374 820 161 382 201 179 532 662 95 60 836 759 893 857 157 468 522 884 654 595 335 702 143 457 283 950 614 271 475 447 340 567 971 576 130 980 559 291 938 484 129 893 144 727 648 383 949 213 501 608 207 392 93 393 434 470 669 278 397 845 233 416 564 141 970 411 745 583 771 40 962 
14 778 170 424 345 191 832 492 902 766 199 58 638 100 518 955 562 691 366 180 385 686 432 752 623 699 20 277 725 244 810 777 779 524 915 972 469 833 821 202 56 989 281 262 315 149 196 704 750 558 479 818 811 986 695 758 871 479 956 264 303 458 922 210 818 534 705 739 547 262 365 911 635 299 261 604 232 406 411 562 560 933 200 968 867 822 270 87 715 781 18 735 341 965 327 731 613 967 132 14 155 934 344 330 879 815 331 596 325 809 852 289 193 936 898 478 425 953 924 658 733 301 23 989 919 389 450 389 386 906 803 45 692 145 879 52 932 41 236 781 890 901 375 292 129 839 956 996 181 443 825 737 243 655 874 816 781 427 42 416 339 348 414 343 920 264 721 12 986 705 503 504 47 298 235 92 55 907 847 201 958 732 542 465 470 683 491 41 959 845 864 155 878 519 678 453 726 498 255 563 137 759 445 533 508 920 88 625 869 90 290 734 942 260 579 405 455 377 579 448 613 949 539 831 924 329 90 415 53 823 568 473 296 540 157 204 649 992 295 170 978 494 789 499 371 76 607 459 908 490 
393 156 262 186 323 84 837 148 698 764 743 591 917 318 513 374 55 116 901 344 847 424 462 214 937 663 151 67 162 716 286 925 974 942 20 5 481 897 490 263 567 302 690 690 189 625 883 279 572 62 522 114 905 427 448 34 805 195 704 888 21 840 253 506 145 454 358 692 837 135 193 955 849 90 688 849 208 267 173 190 155 169 199 509 564 634 738 427 554 255 888 806 823 678 985 585 514 995 339 145 453 78 3 886 407 459 583 330 199 996 665 268 341 526 139 42 784 382 874 783 591 802 381 386 609 655 98 362 10 670 621 259 260 350 952 946 961 463 888 775 90 979 613 359 681 253 680 63 766 119 378 256 413 525 688 37 890 379 720 566 809 383 986 74 887 758 815 246 248 191 403 359 903 729 714 233 744 198 52 230 38 708 512 613 227 144 441 704 42 801 419 307 406 461 44 166 368 686 810 50 555 995 57 562 905 174 945 417 417 8 544 805 367 359 981 150 633 642 864 706 146 58 507 691 313 801 529 647 367 704 664 78 419 722 136 473 685 354 952 55 373 292 37 822 385 694 233 779 176 732 
309 363 377 862 271 974 363 795 770 774 19 954 545 506 463 717 521 483 845 188 664 283 67 690 537 152 661 449 229 637 487 158 184 371 920 109 745 402 867 331 920 802 92 533 132 199 328 124 452 287 81 476 449 925 507 873 645 276 162 9 831 851 983 160 25 962 55 502 400 376 762 560 25 362 755 113 83 476 437 278 760 423 256 204 651 494 950 242 321 440 560 102 184 933 863 473 496 209 228 234 219 521 463 899 958 625 112 13 492 345 766 316 103 498 706 162 358 725 739 693 117 966 624 408 640 619 880 402 549 255 593 536 396 148 170 491 951 596 433 202 201 502 76 406 568 425 864 327 402 738 235 153 945 781 594 182 63 333 33 674 800 316 934 57 97 257 404 50 596 820 625 759 560 99 142 907 995 954 98 787 519 413 581 815 309 117 341 329 221 187 411 819 152 144 202 861 699 304 469 709 77 450 61 182 595 209 597 516 655 143 478 509 261 14 242 599 73 278 441 401 929 750 884 627 175 99 517 588 859 666 683 711 402 941 215 541 72 894 784 353 878 887 174 110 852 334 161 224 925 105 
567 293 677 45 575 386 27 846 168 293 671 709 689 486 474 589 263 861 272 140 136 337 118 386 58 85 491 779 906 604 217 813 862 86 232 248 922 649 158 119 843 681 440 187 140 963 559 226 548 741 147 850 332 190 425 145 169 44 660 983 990 984 820 153 871 972 33 295 149 232 446 496 164 32 750 379 246 406 440 525 814 430 161 921 908 53 669 274 948 9 974 33 780 575 40 719 537 254 34 274 33 679 829 88 158 809 857 413 999 734 868 228 974 592 754 167 113 641 620 423 2 348 864 706 661 79 467 639 508 653 161 962 133 566 601 848 14 589 297 946 174 972 349 385 107 466 574 94 515 392 868 847 107 615 435 464 800 769 591 879 761 233 320 358 257 964 419 798 94 596 278 16 331 336 281 651 926 477 245 661 1000 779 366 338 440 936 304 229 686 109 954 17 48 474 85 382 302 745 531 36 390 165 752 425 351 74 426 218 614 161 135 52 707 2 426 528 112 856 757 608 54 362 766 628 448 735 617 178 948 975 313 961 365 513 183 588 362 697 134 351 220 166 356 835 89 60 184 353 636 798 
131 665 193 521 521 896 745 489 445 578 658 748 429 45 347 40 474 449 578 213 582 152 727 323 923 570 852 146 672 590 691 67 667 384 942 378 844 613 356 623 143 567 144 961 975 368 601 722 275 568 698 128 74 263 287 41 670 738 20 788 978 550 357 847 651 973 925 916 719 803 168 370 728 887 743 701 335 778 790 414 673 266 503 744 43 931 453 143 100 42 400 473 318 921 651 969 812 561 551 456 491 635 933 610 728 436 734 857 789 964 283 157 803 13 795 558 207 708 712 567 692 338 584 186 268 927 757 611 86 266 11 510 326 811 572 871 343 565 254 813 673 453 311 334 939 507 158 402 183 219 185 431 440 242 717 711 460 328 490 362 153 826 50 621 753 877 941 560 53 850 222 217 219 309 43 978 167 131 727 67 947 158 695 431 774 754 727 327 421 797 834 465 205 505 195 134 660 912 295 430 778 252 806 212 482 204 46 233 480 957 190 842 531 527 931 144 103 331 556 275 273 469 246 502 337 717 759 817 758 373 58 417 950 722 495 439 648 346 592 891 383 746 252 46 862 165 284 98 116 651 
470 131 726 392 277 938 695 567 837 5 425 482 823 568 440 899 329 106 955 784 586 391 122 481 400 33 462 984 546 861 171 316 517 430 854 614 415 421 94 384 613 763 324 305 813 812 866 881 827 844 541 636 331 518 386 65 675 345 906 200 678 953 605 149 760 206 319 791 317 174 861 415 216 955 247 977 725 957 587 916 133 854 132 328 836 240 607 92 668 862 201 870 808 237 266 127 816 56 147 420 807 606 302 132 166 405 345 706 886 458 634 474 104 832 282 355 740 100 425 378 988 890 645 352 462 761 210 448 620 7 720 995 108 701 159 159 693 968 596 540 256 117 321 253 683 201 437 822 852 827 992 657 794 67 893 80 339 383 469 2 588 649 247 158 148 626 690 113 120 765 102 527 36 683 934 99 598 186 102 599 915 261 668 890 262 225 496 557 68 141 283 364 225 71 65 84 952 662 125 761 12 643 793 628 522 487 202 550 826 739 909 400 74 353 21 958 657 766 295 127 915 188 404 102 282 857 100 21 15 201 906 862 259 484 491 802 945 735 598 901 431 843 850 8 872 472 131 428 490 48 
27 903 312 91 559 400 368 622 873 522 466 818 447 98 301 662 77 849 705 820 336 65 724 211 742 47 789 98 517 860 826 464 18 139 394 763 150 202 802 711 32 745 368 666 677 69 57 585 328 177 139 709 73 944 873 587 526 445 706 359 445 199 744 669 957 93 161 764 624 605 224 732 49 156 185 313 196 365 535 391 306 730 446 788 977 900 991 211 973 666 438 494 690 379 413 280 588 396 782 534 100 696 827 324 524 522 782 207 116 500 296 478 740 989 298 318 424 676 813 354 978 319 666 392 931 258 248 249 319 448 897 160 980 715 587 856 112 451 495 675 525 440 379 278 182 577 464 678 534 776 556 481 29 243 309 588 130 147 217 720 614 25 240 75 566 126 263 728 135 624 755 926 719 75 913 953 776 885 184 658 867 624 523 159 974 190 383 963 453 46 841 868 65 440 486 127 212 313 631 67 200 23 930 47 506 284 809 925 794 916 97 395 495 101 266 382 716 912 609 813 45 179 656 902 856 308 240 811 940 117 556 34 810 706 325 8 366 332 228 651 100 435 243 209 466 5 890 940 825 1 
31914 30923 30316 33477 30182 29126 29031 31495 30586 30020 
556 736 301 111 704 408 163 315 670 457 357 916 614 60 373 182 129 767 896 178 975 226 404 833 575 340 321 580 425 955 739 473 946 666 630 462 841 2 778 714 855 768 141 847 325 765 10 162 208 981 638 184 124 910 332 634 555 55 396 23 171 310 181 378 600 742 275 601 951 731 166 659 15 230 577 807 420 862 974 991 795 938 792 647 59 991 759 627 328 902 629 510 103 788 73 379 573 783 310 38 700 342 533 681 300 205 855 69 523 311 669 887 130 177 103 110 623 985 69 61 511 331 493 688 307 751 731 797 726 939 813 341 713 335 15 43 335 850 303 288 492 577 626 7 768 693 170 199 304 650 644 258 363 631 924 780 987 221 11 415 19 345 860 357 174 915 242 575 719 793 462 663 152 893 471 614 581 911 868 579 373 665 634 412 254 432 273 281 561 643 781 83 755 271 873 146 670 703 90 63 712 67 555 835 405 178 923 591 723 351 505 178 427 532 72 850 539 892 386 394 778 173 462 0 153 641 470 370 554 141 800 585 345 872 956 560 805 585 222 460 130 236 400 660 637 547 237 406 654 62 
413 494 348 63 799 352 111 889 914 312 153 287 888 424 374 650 711 816 111 774 687 279 191 181 890 484 662 995 718 533 81 879 959 989 678 424 623 986 66 449 458 515 486 726 796 398 624 182 153 272 23 598 392 154 253 691 849 842 414 986 189 41 786 540 227 14 608 125 948 638 256 555 60 673 157 75 495 829 687 438 432 476 101 986 350 733 261 409 956 615 463 265 182 989 616 194 959 842 223 968 551 770 650 952 922 603 222 623 879 770 390 960 485 354 21 581 641 729 143 491 92 355 213 56 862 166 63 27 859 109 303 874 914 633 734 888 903 250 679 125 128 413 79 253 568 96 713 871 597 389 28 91 661 57 832 191 216 113 301 795 103 171 356 671 792 536 560 336 91 549 20 21 893 192 994 111 499 334 422 735 300 995 390 470 198 525 326 794 944 837 922 818 292 616 863 783 814 405 641 555 658 505 64 473 292 465 723 123 713 421 605 554 100 72 664 653 21 676 491 463 71 811 393 896 761 428 793 842 911 609 397 729 483 566 612 543 40 731 575 903 247 839 53 960 667 147 793 557 375 938 
907 158 440 75 936 753 488 475 464 485 254 548 227 888 82 292 717 235 519 937 599 362 998 32 618 944 860 499 231 121 876 938 746 360 46 818 6 24 749 906 104 680 220 122 231 897 782 947 566 733 673 96 589 279 10 976 981 504 635 386 93 470 16 274 418 716 568 160 76 413 458 573 863 885 150 185 117 448 783 820 72 325 82 329 881 842 686 866 461 949 138 492 253 608 240 162 690 255 968 431 815 923 432 844 541 930 90 632 851 868 56 174 669 782 457 171 371 650 719 412 104 906 155 927 578 176 944 105 174 454 791 301 338 113 310 381 30 753 70 237 177 484 114 710 172 514 273 922 198 343 752 488 829 869 294 692 816 264 375 976 216 65 177 704 123 759 986 390 105 235 112 849 767 333 904 365 587 958 483 359 631 504 170 251 764 982 651 488 689 113 479 125 101 653 138 653 518 196 645 761 115 57 30 337 272 571 413 945 907 685 692 787 811 5 778 626 814 611 879 665 921 602 757 806 377 193 599 695 266 540 89 984 332 647 363 956 567 38 400 847 52 827 407 565 518 159 327 797 608 974 
547 669 623 859 509 351 25 264 581 285 802 287 674 733 956 829 902 70 878 900 582 49 156 99 145 303 257 915 684 217 532 601 566 824 606 418 153 701 402 820 770 698 370 378 566 13 385 341 462 91 789 582 683 578 25 95 578 209 99 34 768 187 49 292 163 303 915 856 318 754 168 634 48 478 637 519 990 849 295 913 472 751 553 271 579 190 492 468 570 1 576 147 477 90 997 444 523 866 94 313 497 963 525 666 391 286 94 797 564 249 924 738 241 632 961 661 527 167 913 250 445 921 211 339 779 123 634 716 774 564 236 85 95 233 870 694 336 825 100 997 868 967 443 701 679 131 383 594 6 124 467 515 85 935 173 371 880 853 393 366 232 120 71 411 379 580 326 969 354 293 101 173 244 309 340 285 641 176 308 181 446 180 13 871 423 527 20 826 189 694 559 665 305 806 861 25 890 523 487 712 995 229 833 539 895 112 569 138 149 16 249 370 321 752 323 272 216 396 46 316 986 898 149 75 322 449 268 426 558 914 171 144 18 911 960 303 736 51 388 236 614 50 208 750 16 260 526 389 636 499 
599 627 55 599 472 946 359 87 150 58 885 125 318 647 47 462 572 361 464 533 1 323 581 159 702 251 537 675 970 528 29 430 599 314 877 115 451 494 212 178 251 770 580 80 379 508 748 41 87 658 426 7 904 266 984 726 953 971 875 294 122 792 248 108 153 170 64 720 476 705 478 37 387 960 10 756 824 784 505 976 387 91 573 956 667 424 963 85 906 896 218 989 573 253 265 820 966 934 477 979 421 117 569 590 826 676 691 529 923 803 224 570 59 935 38 719 114 903 579 852 54 599 233 414 576 801 875 989 204 651 234 401 938 438 233 914 160 551 761 733 855 92 885 181 205 401 713 702 16 351 707 314 239 387 809 44 183 35 619 14 169 79 306 307 99 279 455 458 316 852 178 537 558 295 600 884 11 2 54 713 430 903 262 624 992 147 235 443 537 929 541 914 933 275 402 612 189 628 285 398 479 735 851 700 499 596 749 544 198 580 631 543 231 433 498 878 413 617 540 805 207 67 514 627 456 723 214 375 788 94 432 490 267 47 870 550 560 342 840 341 900 147 701 797 674 407 82 788 119 532 
30973 31581 31235 28912 30487 
