250 10 5
576 678 841 638 576 643 1046 896 745 975 863 524 875 514 843 755 402 554 406 141 505 1043 456 1120 709 971 695 336 487 662 655 221 7 562 804 327 794 913 868 402 501 352 748 497 1049 488 612 802 867 615 653 636 443 1083 435 496 330 886 594 645 704 994 724 662 919 753 748 603 799 442 623 781 833 506 965 432 540 110 644 88 498 608 939 318 448 670 262 1004 479 531 926 846 482 439 721 637 552 207 745 924 774 608 682 373 431 683 875 275 637 362 733 737 849 629 1120 784 780 158 649 594 1040 531 752 1037 654 893 67 490 417 831 569 637 314 717 894 570 1042 827 728 674 418 371 628 496 580 577 755 284 691 772 593 523 380 584 355 510 440 866 742 590 1223 915 811 678 539 584 592 505 778 666 1152 731 884 724 600 520 607 760 721 721 680 430 1163 577 445 359 913 583 507 247 469 441 756 739 665 930 480 578 612 491 619 1104 707 655 511 828 203 689 665 511 781 661 812 563 830 472 928 792 755 500 157 613 1048 437 957 916 924 421 345 368 1115 807 887 657 260 831 887 851 761 821 591 718 938 187 323 932 714 489 775 648 
690 553 546 16 244 615 898 399 815 212 931 855 744 70 949 481 275 541 254 176 201 746 408 879 434 588 697 946 10 682 801 919 139 7 910 355 478 369 703 268 864 976 338 314 614 502 790 812 225 170 311 644 367 485 877 450 159 337 412 81 219 149 242 707 19 538 138 806 70 834 3 251 791 293 775 187 32 827 948 240 993 336 709 956 431 339 30 108 782 101 873 297 636 289 764 261 810 120 263 456 939 162 694 974 914 716 258 473 430 525 744 821 621 974 255 599 841 228 418 916 565 542 953 843 69 271 119 459 808 651 100 194 599 274 912 170 371 486 589 205 296 380 897 258 587 476 773 326 173 608 921 355 677 478 611 767 686 30 532 829 213 250 18 404 385 929 355 530 200 530 885 446 246 784 64 368 349 154 176 921 827 543 660 481 334 716 592 381 551 110 555 245 505 190 936 734 529 959 724 780 955 232 748 989 720 434 764 150 641 776 391 127 330 634 618 766 191 216 191 724 16 127 979 993 604 501 22 327 86 268 357 369 162 432 865 890 286 328 222 414 337 335 363 257 36 88 948 329 114 395 
185 868 329 233 692 9 942 833 533 592 242 600 222 321 326 355 941 469 104 308 597 918 123 974 587 815 424 648 737 635 478 123 205 383 330 421 823 575 391 593 740 201 236 468 990 539 160 519 231 541 926 285 145 766 128 61 112 872 565 901 242 796 635 730 899 99 451 289 827 385 566 877 932 321 971 990 733 880 118 62 544 955 399 475 827 712 920 652 537 462 357 732 582 571 376 463 932 577 715 671 401 479 61 933 717 385 640 360 692 240 633 343 167 519 693 935 539 618 115 491 710 646 590 870 349 601 7 26 288 944 44 78 872 315 442 1 485 321 564 841 506 466 881 642 477 608 407 256 807 765 1 10 800 755 881 116 536 870 806 579 966 522 180 486 200 227 255 10 414 856 189 234 751 519 710 1000 401 327 196 405 562 544 610 98 991 611 206 805 535 313 495 203 286 428 693 784 586 664 18 38 232 911 788 945 173 703 480 71 883 276 846 352 201 460 950 634 785 535 134 649 136 675 304 432 584 49 277 90 94 489 997 159 914 206 225 688 377 273 63 273 884 318 195 209 222 969 773 346 937 879 
359 360 70 884 210 28 982 495 758 438 419 911 126 133 293 724 725 246 445 62 234 405 452 351 748 854 825 567 271 722 284 490 402 27 998 747 94 902 149 143 14 859 265 786 390 638 679 947 638 475 856 318 51 27 113 764 66 9 145 469 147 707 917 713 911 40 218 417 882 190 775 633 54 225 897 386 213 347 707 80 141 71 723 168 777 851 21 680 835 696 414 700 547 395 473 692 822 865 426 230 943 949 635 868 710 17 586 558 227 85 23 902 1 498 862 853 883 46 272 17 568 549 337 235 894 108 146 530 271 269 21 866 157 457 754 17 711 945 932 567 345 131 827 147 116 829 719 493 123 466 817 424 137 967 250 628 283 853 143 596 913 628 803 652 76 916 708 976 607 403 776 556 149 221 639 816 973 975 448 392 151 193 625 580 310 727 423 76 556 326 993 58 302 87 205 797 764 749 87 672 543 782 822 551 967 779 460 708 652 616 65 429 673 458 679 663 375 371 531 966 295 911 472 43 813 396 899 156 493 300 573 530 790 546 941 222 873 918 610 817 361 40 57 133 63 718 51 575 52 53 
411 720 61 985 442 712 950 381 115 930 815 369 862 238 446 999 941 585 914 972 960 933 363 839 8 680 210 883 830 556 349 228 73 715 855 307 250 953 808 169 863 503 185 445 897 748 734 518 799 306 578 431 398 344 588 446 975 125 211 787 887 503 938 192 693 439 187 629 93 221 309 192 711 835 573 471 479 507 702 781 122 231 864 6 365 372 482 595 646 405 904 948 111 416 10 9 846 259 778 855 653 934 499 258 466 837 922 79 655 228 526 310 455 16 750 865 316 527 695 328 875 799 570 112 245 487 191 888 276 193 92 649 698 1 555 944 801 998 151 589 257 118 205 928 509 735 651 329 796 425 393 292 225 541 1 479 745 939 159 35 896 366 569 291 475 905 942 665 858 454 390 545 206 418 637 300 396 106 30 708 828 108 873 672 349 205 197 631 156 262 956 268 785 557 857 54 88 316 786 140 880 220 277 643 669 864 772 624 629 194 489 468 525 414 791 258 609 479 902 145 806 437 980 242 424 652 580 433 890 707 272 700 809 961 662 572 831 688 924 710 192 478 674 832 14 679 396 612 533 237 
836 54 38 947 993 149 460 956 106 540 16 278 712 206 989 221 599 939 731 385 531 668 164 319 674 640 439 737 62 669 280 461 158 309 516 70 809 486 245 116 778 247 923 28 10 595 469 424 657 40 889 484 858 916 97 189 321 724 801 450 222 901 482 248 310 550 689 815 909 123 460 965 150 579 82 918 662 412 392 337 844 859 146 473 298 710 640 976 424 373 812 947 436 852 636 341 403 874 484 917 830 702 793 911 517 318 517 708 524 968 606 448 680 140 358 639 297 376 680 143 997 26 38 315 624 906 405 133 828 599 222 449 234 470 795 778 150 98 269 117 580 415 128 287 893 476 467 767 200 547 969 107 801 114 530 212 297 752 390 128 419 199 166 675 610 979 418 269 299 846 698 434 870 745 606 564 187 986 900 137 175 464 196 628 804 456 653 483 793 381 590 710 750 601 436 123 574 853 551 201 418 874 179 139 562 254 158 872 474 174 398 60 286 134 449 345 254 393 97 315 343 161 406 910 607 957 401 120 566 21 785 574 941 951 408 279 415 311 771 915 946 304 492 809 117 173 751 547 534 654 
262 314 771 460 709 873 516 571 749 955 922 250 41 195 578 299 562 631 551 586 594 812 467 24 491 224 452 733 990 401 846 424 403 425 724 22 699 926 982 203 414 715 802 148 710 825 714 64 672 467 681 361 486 796 413 207 261 872 594 343 527 957 61 574 792 552 980 128 817 207 486 606 423 450 189 91 352 568 709 381 19 90 876 452 396 210 368 412 682 587 745 298 121 373 795 736 718 862 137 896 366 802 714 683 45 238 965 63 160 175 436 538 434 302 570 745 750 816 659 654 953 926 696 965 165 226 639 622 556 20 461 752 587 143 99 258 875 191 601 352 262 511 205 279 533 396 17 969 372 252 56 639 522 252 830 91 754 971 163 8 931 258 734 727 887 776 49 915 750 151 392 855 952 856 609 573 717 471 834 925 485 270 837 759 926 419 125 417 616 177 909 287 786 999 405 622 843 195 716 390 368 220 532 467 161 601 376 538 937 581 766 716 249 272 492 628 716 780 220 64 184 60 399 74 314 932 978 75 662 472 924 876 137 767 35 460 750 252 818 520 698 583 147 518 457 536 19 248 461 183 
274 921 754 715 127 673 26 545 854 336 489 561 777 20 319 887 511 410 521 494 382 782 751 293 370 579 836 223 91 146 816 43 576 483 325 120 566 76 986 285 487 652 403 596 586 389 429 245 694 733 906 130 798 812 169 558 491 220 51 140 125 234 917 969 311 86 529 128 933 267 507 402 230 879 348 58 641 10 760 697 145 614 272 302 769 787 575 259 622 599 397 208 47 880 757 600 717 66 703 478 882 847 220 637 259 481 973 538 205 128 931 898 552 612 851 339 670 569 74 236 771 646 570 995 994 676 40 842 627 135 814 552 582 942 542 697 342 922 93 581 517 144 339 2 196 55 116 449 927 712 625 128 2 664 203 180 774 367 93 93 1 310 998 615 409 66 672 620 374 275 389 539 795 915 402 422 179 415 403 415 403 223 436 304 275 493 864 93 11 920 956 17 159 445 560 43 483 954 595 407 613 915 12 948 229 288 88 73 270 164 982 742 169 334 268 932 837 814 752 707 1 759 758 544 245 934 972 627 596 30 846 554 602 826 746 455 757 727 916 129 293 615 760 741 578 894 664 371 370 609 
3 345 16 460 410 96 763 8 641 504 356 407 978 356 317 528 312 589 521 456 422 31 896 918 342 374 423 277 489 782 73 704 386 741 840 359 840 362 345 204 71 994 274 419 862 606 789 845 294 525 874 852 695 947 158 531 738 783 470 13 86 589 577 226 604 512 696 409 529 293 679 664 7 992 608 556 386 55 412 978 515 553 448 513 606 844 449 981 356 688 464 85 888 712 804 375 530 386 554 552 509 570 348 302 56 811 357 529 759 793 936 893 895 607 548 497 580 187 496 869 539 459 893 933 342 566 800 191 203 506 589 958 59 673 994 405 531 643 496 506 668 866 939 400 59 503 988 11 56 168 922 865 263 342 453 917 216 832 975 483 295 593 488 178 315 578 384 29 607 791 211 808 658 818 123 146 30 939 793 487 27 10 873 715 209 2 584 854 759 221 559 201 183 319 381 989 894 988 413 838 164 744 660 745 520 995 553 316 769 257 731 46 36 970 692 466 688 678 702 782 307 942 913 299 874 699 138 621 963 408 267 800 483 798 749 551 831 467 117 164 331 145 778 262 643 264 474 6 949 795 
663 127 979 163 989 104 81 630 376 460 243 69 792 956 780 201 356 913 254 571 832 324 780 477 885 633 961 139 748 527 407 121 603 72 911 388 331 249 611 656 152 417 237 469 894 417 134 312 571 207 165 138 768 658 45 467 518 646 885 108 867 829 110 840 98 953 560 80 612 900 281 432 264 252 1 366 603 367 97 836 224 498 565 801 662 177 454 980 44 173 864 179 5 481 275 247 467 563 629 968 558 835 234 31 257 485 608 16 544 294 86 892 124 304 701 152 74 422 269 759 647 78 361 856 235 889 590 519 240 916 910 44 561 901 319 637 115 556 682 476 701 294 452 17 519 835 70 46 388 10 157 429 182 914 393 442 685 303 838 247 456 182 212 795 303 250 783 546 566 362 862 995 882 1000 483 555 705 522 23 141 884 398 483 262 483 151 527 202 379 275 739 600 826 984 591 742 359 338 578 237 82 486 876 618 791 115 100 802 882 717 697 818 897 577 482 642 356 719 580 431 933 659 182 930 344 170 725 901 897 229 753 535 575 735 701 892 188 183 391 629 530 692 707 192 429 146 87 832 123 769 
222 690 19 920 990 701 208 741 777 15 909 60 827 911 237 536 96 623 729 52 611 93 569 711 758 173 767 244 100 513 310 374 840 35 973 59 852 256 827 687 689 397 282 733 721 719 164 606 909 883 126 642 184 594 663 727 337 938 94 844 793 476 654 292 672 18 955 147 159 820 354 154 493 319 730 762 986 421 500 50 237 474 987 713 471 179 451 843 716 391 652 764 69 627 867 509 438 222 717 632 703 265 683 509 701 317 555 498 879 897 828 429 960 226 976 330 695 777 319 923 952 699 343 586 232 283 174 159 947 728 371 194 445 342 383 808 914 958 959 830 55 908 710 990 509 4 652 860 785 732 322 983 652 295 361 272 291 647 237 372 790 880 156 658 745 917 70 27 748 307 428 716 338 558 681 205 636 95 401 511 300 195 795 727 209 875 792 549 653 29 233 428 807 517 602 614 665 267 32 903 602 155 347 190 953 135 20 466 574 661 966 563 504 503 284 852 30 630 317 753 358 622 778 597 159 512 899 264 136 787 533 786 428 95 461 891 292 271 216 622 642 515 682 369 62 640 307 205 843 17 
30526 31505 30623 32871 31040 31964 30756 32843 30415 32487 
556 736 301 111 704 408 163 315 670 457 357 916 614 60 373 182 129 767 896 178 975 226 404 833 575 340 321 580 425 955 739 473 946 666 630 462 841 2 778 714 855 768 141 847 325 765 10 162 208 981 638 184 124 910 332 634 555 55 396 23 171 310 181 378 600 742 275 601 951 731 166 659 15 230 577 807 420 862 974 991 795 938 792 647 59 991 759 627 328 902 629 510 103 788 73 379 573 783 310 38 700 342 533 681 300 205 855 69 523 311 669 887 130 177 103 110 623 985 69 61 511 331 493 688 307 751 731 797 726 939 813 341 713 335 15 43 335 850 303 288 492 577 626 7 768 693 170 199 304 650 644 258 363 631 924 780 987 221 11 415 19 345 860 357 174 915 242 575 719 793 462 663 152 893 471 614 581 911 868 579 373 665 634 412 254 432 273 281 561 643 781 83 755 271 873 146 670 703 90 63 712 67 555 835 405 178 923 591 723 351 505 178 427 532 72 850 539 892 386 394 778 173 462 0 153 641 470 370 554 141 800 585 345 872 956 560 805 585 222 460 130 236 400 660 637 547 237 406 654 62 
413 494 348 63 799 352 111 889 914 312 153 287 888 424 374 650 711 816 111 774 687 279 191 181 890 484 662 995 718 533 81 879 959 989 678 424 623 986 66 449 458 515 486 726 796 398 624 182 153 272 23 598 392 154 253 691 849 842 414 986 189 41 786 540 227 14 608 125 948 638 256 555 60 673 157 75 495 829 687 438 432 476 101 986 350 733 261 409 956 615 463 265 182 989 616 194 959 842 223 968 551 770 650 952 922 603 222 623 879 770 390 960 485 354 21 581 641 729 143 491 92 355 213 56 862 166 63 27 859 109 303 874 914 633 734 888 903 250 679 125 128 413 79 253 568 96 713 871 597 389 28 91 661 57 832 191 216 113 301 795 103 171 356 671 792 536 560 336 91 549 20 21 893 192 994 111 499 334 422 735 300 995 390 470 198 525 326 794 944 837 922 818 292 616 863 783 814 405 641 555 658 505 64 473 292 465 723 123 713 421 605 554 100 72 664 653 21 676 491 463 71 811 393 896 761 428 793 842 911 609 397 729 483 566 612 543 40 731 575 903 247 839 53 960 667 147 793 557 375 938 
907 158 440 75 936 753 488 475 464 485 254 548 227 888 82 292 717 235 519 937 599 362 998 32 618 944 860 499 231 121 876 938 746 360 46 818 6 24 749 906 104 680 220 122 231 897 782 947 566 733 673 96 589 279 10 976 981 504 635 386 93 470 16 274 418 716 568 160 76 413 458 573 863 885 150 185 117 448 783 820 72 325 82 329 881 842 686 866 461 949 138 492 253 608 240 162 690 255 968 431 815 923 432 844 541 930 90 632 851 868 56 174 669 782 457 171 371 650 719 412 104 906 155 927 578 176 944 105 174 454 791 301 338 113 310 381 30 753 70 237 177 484 114 710 172 514 273 922 198 343 752 488 829 869 294 692 816 264 375 976 216 65 177 704 123 759 986 390 105 235 112 849 767 333 904 365 587 958 483 359 631 504 170 251 764 982 651 488 689 113 479 125 101 653 138 653 518 196 645 761 115 57 30 337 272 571 413 945 907 685 692 787 811 5 778 626 814 611 879 665 921 602 757 806 377 193 599 695 266 540 89 984 332 647 363 956 567 38 400 847 52 827 407 565 518 159 327 797 608 974 
547 669 623 859 509 351 25 264 581 285 802 287 674 733 956 829 902 70 878 900 582 49 156 99 145 303 257 915 684 217 532 601 566 824 606 418 153 701 402 820 770 698 370 378 566 13 385 341 462 91 789 582 683 578 25 95 578 209 99 34 768 187 49 292 163 303 915 856 318 754 168 634 48 478 637 519 990 849 295 913 472 751 553 271 579 190 492 468 570 1 576 147 477 90 997 444 523 866 94 313 497 963 525 666 391 286 94 797 564 249 924 738 241 632 961 661 527 167 913 250 445 921 211 339 779 123 634 716 774 564 236 85 95 233 870 694 336 825 100 997 868 967 443 701 679 131 383 594 6 124 467 515 85 935 173 371 880 853 393 366 232 120 71 411 379 580 326 969 354 293 101 173 244 309 340 285 641 176 308 181 446 180 13 871 423 527 20 826 189 694 559 665 305 806 861 25 890 523 487 712 995 229 833 539 895 112 569 138 149 16 249 370 321 752 323 272 216 396 46 316 986 898 149 75 322 449 268 426 558 914 171 144 18 911 960 303 736 51 388 236 614 50 208 750 16 260 526 389 636 499 
599 627 55 599 472 946 359 87 150 58 885 125 318 647 47 462 572 361 464 533 1 323 581 159 702 251 537 675 970 528 29 430 599 314 877 115 451 494 212 178 251 770 580 80 379 508 748 41 87 658 426 7 904 266 984 726 953 971 875 294 122 792 248 108 153 170 64 720 476 705 478 37 387 960 10 756 824 784 505 976 387 91 573 956 667 424 963 85 906 896 218 989 573 253 265 820 966 934 477 979 421 117 569 590 826 676 691 529 923 803 224 570 59 935 38 719 114 903 579 852 54 599 233 414 576 801 875 989 204 651 234 401 938 438 233 914 160 551 761 733 855 92 885 181 205 401 713 702 16 351 707 314 239 387 809 44 183 35 619 14 169 79 306 307 99 279 455 458 316 852 178 537 558 295 600 884 11 2 54 713 430 903 262 624 992 147 235 443 537 929 541 914 933 275 402 612 189 628 285 398 479 735 851 700 499 596 749 544 198 580 631 543 231 433 498 878 413 617 540 805 207 67 514 627 456 723 214 375 788 94 432 490 267 47 870 550 560 342 840 341 900 147 701 797 674 407 82 788 119 532 
30973 31581 31235 28912 30487 
