250 10 10
494 649 719 749 414 464 754 329 547 735 807 813 665 475 579 629 326 379 458 838 726 871 492 1111 505 738 715 593 769 400 539 171 774 610 446 695 563 429 681 710 576 286 667 961 621 740 445 450 647 445 522 374 555 773 517 360 741 807 785 405 851 283 743 825 653 675 802 482 753 735 585 882 713 769 695 645 377 212 642 481 972 874 319 761 614 329 478 715 255 490 958 662 1047 749 573 667 474 526 455 539 579 458 615 794 489 350 517 603 355 282 669 691 809 495 786 461 570 745 500 631 857 833 770 666 627 742 428 730 418 346 441 745 434 943 980 536 495 511 584 244 552 639 460 1107 989 663 831 720 490 867 769 779 559 699 664 859 576 780 369 507 638 870 687 407 766 631 549 628 655 809 913 725 885 391 504 554 568 491 737 1035 491 679 701 704 1039 631 812 695 492 274 632 507 517 752 587 976 918 834 838 646 511 604 502 599 614 452 342 594 493 663 285 722 873 875 544 479 709 737 513 695 281 675 907 654 552 491 506 666 676 537 392 907 737 388 679 679 712 986 503 596 422 677 674 558 821 804 579 552 530 683 
734 962 85 285 596 109 661 293 463 691 13 933 46 492 95 239 924 662 296 886 424 989 581 480 221 166 7 15 423 111 606 990 266 182 447 283 611 436 773 233 163 471 977 690 62 914 897 334 160 717 752 663 666 620 987 840 767 729 208 737 562 400 156 692 523 158 971 204 789 593 103 419 217 438 476 456 233 324 969 762 931 380 991 671 307 269 30 747 840 689 644 417 858 986 589 739 56 66 122 929 507 252 81 395 242 62 640 359 204 443 241 833 32 459 75 166 844 49 710 783 215 535 821 102 623 644 321 865 665 881 794 713 541 663 813 625 405 80 419 136 489 871 847 13 804 793 893 869 332 880 3 294 220 715 905 912 338 799 744 568 7 308 636 116 297 488 145 30 195 724 663 825 535 552 900 757 145 718 462 642 68 633 629 774 968 245 890 807 418 219 458 495 681 547 496 234 658 271 670 449 347 257 274 308 959 613 25 673 967 68 388 655 979 525 516 945 586 404 126 819 679 320 39 982 912 829 510 540 133 438 653 714 917 440 53 232 545 759 516 594 964 705 104 379 161 188 336 214 291 664 
558 285 874 165 575 822 171 651 174 40 636 755 636 809 978 528 89 621 475 877 950 38 387 990 938 358 111 598 736 678 778 299 491 844 851 931 593 29 947 468 880 816 15 711 140 943 386 43 364 35 335 968 111 215 34 778 274 209 28 146 806 119 832 611 819 512 465 673 367 773 351 74 540 787 285 833 357 242 84 767 223 875 413 912 223 556 489 726 391 386 745 337 912 779 252 865 567 73 668 864 375 445 671 683 498 177 862 602 527 292 496 749 602 612 628 469 790 877 352 682 163 651 493 554 864 353 391 124 815 151 349 320 611 357 588 80 922 515 563 74 330 900 135 764 261 254 837 814 524 754 9 62 517 835 208 830 980 225 383 414 539 443 795 505 737 46 493 776 803 935 675 489 422 26 992 621 856 185 526 932 345 915 697 777 45 842 227 77 486 699 615 557 771 715 998 298 466 734 867 316 263 111 815 198 667 86 915 160 99 557 122 527 917 81 370 700 162 881 518 87 420 303 93 105 207 809 583 388 415 567 205 972 13 322 606 666 208 721 233 180 829 131 983 646 647 355 299 271 878 766 
520 531 263 22 305 644 598 100 574 415 478 912 788 47 892 384 1 773 863 722 362 746 248 201 101 682 617 833 309 889 327 83 537 962 935 991 756 252 290 341 698 362 760 593 215 574 798 185 191 510 959 104 733 722 379 673 636 747 954 299 240 523 703 791 810 580 636 570 573 273 522 818 83 863 573 818 102 385 521 222 465 750 31 342 562 932 141 218 149 992 689 457 714 333 92 386 746 464 6 343 828 549 589 893 490 427 741 556 850 808 678 758 813 781 361 289 850 463 744 652 672 522 904 236 445 278 175 436 154 39 197 510 218 950 917 996 382 217 296 693 643 130 246 665 630 2 667 98 916 972 290 560 332 553 349 251 625 815 224 582 777 681 801 32 919 308 288 401 624 735 478 575 751 208 791 351 242 158 950 2 97 770 245 596 961 413 754 38 765 896 104 70 991 573 922 324 658 25 312 684 247 670 39 465 929 394 242 600 609 945 651 528 512 275 127 258 792 77 125 125 161 736 573 150 341 852 104 186 715 459 955 723 452 285 939 83 478 767 655 964 396 634 952 588 602 93 354 577 993 170 
911 192 894 584 680 677 843 998 402 642 155 3 314 240 70 29 113 374 24 440 374 836 362 914 478 318 286 632 164 729 594 195 768 912 828 416 369 115 839 370 314 940 825 544 541 25 869 694 243 200 207 789 407 679 275 353 133 774 340 30 926 355 333 234 96 339 145 472 176 929 916 978 847 248 126 3 685 944 322 488 447 347 450 917 818 261 464 399 261 237 789 453 832 773 114 84 807 523 48 255 228 421 751 939 448 655 473 260 848 164 996 730 591 358 961 961 567 958 33 611 950 674 440 29 202 537 472 124 485 199 750 534 783 273 499 560 79 8 602 531 31 926 164 621 49 161 37 321 669 682 644 198 496 973 190 224 412 806 647 376 458 23 789 804 152 396 173 951 674 771 498 687 826 76 497 9 871 909 686 892 270 650 436 15 939 246 182 460 734 580 280 513 566 876 253 363 543 614 263 409 842 168 464 937 648 232 836 621 615 440 770 299 873 221 710 32 295 293 345 890 32 163 643 551 553 93 477 233 987 984 121 878 240 344 357 985 275 849 188 298 282 52 172 502 573 986 637 862 556 603 
158 1 530 628 943 921 211 393 885 470 646 936 34 877 194 129 281 494 378 223 729 296 153 728 785 116 524 684 622 236 153 118 885 474 507 957 92 168 771 26 614 91 734 976 690 575 313 581 890 697 917 186 36 214 946 140 827 863 76 48 171 296 336 472 111 21 909 904 98 252 211 624 191 912 365 143 482 324 877 907 930 321 979 411 85 837 126 416 530 420 335 959 492 763 720 984 667 617 503 292 674 245 713 273 857 781 241 317 897 819 910 307 89 56 14 408 323 525 597 373 445 198 299 66 424 77 968 199 938 968 880 18 700 562 439 519 403 970 891 450 895 101 948 366 678 388 829 227 62 821 543 281 140 939 97 856 743 717 954 579 859 576 762 48 687 339 291 360 174 86 739 567 838 930 199 194 25 70 55 987 783 847 820 102 968 580 913 121 394 349 756 278 383 441 995 192 851 522 151 486 65 233 266 762 715 873 151 289 475 349 453 648 901 672 563 483 832 89 59 493 488 514 735 903 781 292 485 560 41 701 337 504 756 709 846 669 992 915 196 834 924 970 840 475 464 947 350 760 421 697 
671 677 770 639 155 286 574 657 262 802 41 117 218 247 176 912 680 295 996 920 541 773 50 173 694 570 225 734 500 262 974 365 781 447 687 26 561 411 601 792 183 710 265 657 834 233 573 435 560 952 760 399 300 434 624 765 552 343 568 210 309 468 979 621 477 349 551 92 703 718 486 448 1000 842 603 323 433 672 513 133 406 721 179 442 864 602 355 516 310 273 812 431 512 545 781 416 207 838 147 668 310 104 638 946 521 63 271 457 312 227 47 663 729 824 854 854 296 283 581 687 760 680 909 868 895 655 204 807 315 602 891 467 318 920 248 798 682 382 260 123 669 18 308 873 403 255 784 486 942 407 886 577 214 652 516 338 144 109 623 506 201 706 598 313 711 438 829 315 779 806 122 194 984 317 682 947 355 613 138 904 584 589 405 512 648 654 920 304 228 676 734 328 625 516 556 678 841 618 372 771 932 951 114 958 179 389 873 492 945 34 251 717 983 438 58 13 862 453 113 880 324 578 482 514 938 474 382 913 875 412 726 771 621 969 428 815 917 648 368 453 284 495 627 21 412 944 318 936 784 121 
184 288 46 729 130 640 622 323 931 483 423 925 986 350 454 389 655 348 838 272 671 966 454 810 403 951 349 325 904 328 166 338 461 400 59 496 727 705 515 415 691 35 836 715 800 106 327 738 787 951 325 52 607 734 517 565 419 596 715 19 393 270 120 784 903 434 699 935 336 47 747 870 320 795 905 800 833 136 567 920 216 197 436 540 15 654 739 951 145 851 478 852 72 106 349 51 102 556 46 22 573 727 876 417 871 633 168 883 68 495 560 143 807 313 506 209 56 190 902 232 760 334 510 640 854 443 455 732 123 511 157 958 607 540 751 855 338 837 672 357 274 808 49 919 288 329 78 449 137 533 223 208 301 235 963 885 362 618 324 258 893 458 61 397 389 308 117 287 880 809 904 836 234 427 601 368 322 230 674 646 219 140 439 56 514 627 197 13 540 767 974 133 45 902 769 917 888 656 772 659 290 59 329 322 821 736 450 379 205 111 556 103 813 963 948 718 543 765 780 670 653 985 315 701 610 763 32 549 159 632 181 683 295 516 388 341 618 78 114 447 706 949 661 812 983 985 975 748 163 714 
792 194 444 169 781 842 253 73 42 14 971 851 96 213 792 451 31 807 834 366 10 140 457 600 973 989 42 919 104 233 390 490 752 608 978 711 698 277 109 47 735 486 483 426 397 875 76 321 883 88 156 472 610 330 24 568 149 771 621 509 511 101 105 684 694 625 870 731 523 797 178 710 790 831 32 965 324 364 380 158 80 6 824 67 819 961 377 700 355 748 137 763 732 353 819 841 857 947 753 148 1000 266 165 501 97 599 345 339 477 752 567 177 734 843 631 16 291 282 420 797 968 202 21 416 895 59 285 313 456 896 810 611 769 852 637 509 518 568 862 685 280 111 437 708 933 797 920 519 347 915 456 698 340 100 26 469 255 365 118 868 685 319 9 799 830 563 635 702 663 434 344 635 748 121 959 957 973 294 516 735 899 254 957 733 567 635 687 953 126 950 103 921 710 448 103 890 239 944 830 160 346 347 870 852 563 535 268 244 126 910 98 89 683 762 796 268 184 917 557 398 715 102 959 1 676 739 396 785 180 145 63 842 593 148 233 961 924 639 365 74 176 211 595 269 99 280 781 855 9 516 
507 826 821 182 38 283 472 104 207 727 965 392 573 357 706 598 848 386 462 99 489 295 347 686 254 227 834 878 351 928 529 455 193 293 302 852 629 289 192 608 176 378 962 444 304 961 430 216 612 46 331 347 977 403 374 280 571 178 938 774 418 29 744 678 520 817 444 850 955 489 909 538 727 435 898 670 65 21 485 674 740 895 113 653 868 237 667 856 363 298 354 719 990 582 861 817 479 980 57 983 337 163 439 406 534 162 399 972 368 787 335 100 464 74 914 362 370 358 912 270 998 565 81 537 548 197 602 496 847 94 611 363 334 545 38 108 122 478 376 96 124 152 420 543 337 298 36 891 92 366 239 530 322 985 249 892 436 288 357 260 647 969 403 478 371 673 242 764 733 640 868 89 645 127 620 274 159 5 768 495 274 44 286 101 810 759 40 752 701 224 264 571 992 443 90 817 575 539 27 719 231 632 45 607 179 366 95 252 281 436 366 198 394 289 903 669 875 887 72 158 23 948 737 119 9 852 150 474 171 481 345 468 190 702 897 842 376 406 677 663 143 23 607 400 263 413 144 76 559 632 
247 453 787 589 329 816 610 798 960 851 621 249 124 963 277 593 9 58 817 662 478 307 665 765 393 38 926 71 810 385 150 987 598 357 241 851 409 188 260 607 952 955 24 172 803 380 170 82 94 360 720 199 817 278 553 623 989 350 297 801 445 349 951 208 214 822 103 622 479 524 206 176 454 330 874 761 496 47 101 672 686 154 469 193 456 522 364 589 483 722 224 320 34 406 122 350 381 480 191 901 860 33 249 360 386 593 371 873 594 516 86 668 218 922 150 700 434 509 372 686 858 769 722 927 71 454 304 662 372 660 561 569 544 146 436 280 724 662 812 316 928 260 926 566 410 216 718 191 230 865 705 131 924 483 439 564 261 75 688 960 891 369 596 385 267 447 904 320 339 835 500 938 308 742 973 430 878 890 59 483 837 670 201 708 80 929 728 592 284 543 19 19 234 383 688 991 973 976 804 360 465 175 67 770 52 578 594 51 598 177 229 808 920 922 327 696 854 937 572 714 795 121 824 648 521 550 558 209 350 998 305 847 389 586 850 493 921 608 709 254 602 310 220 741 189 614 24 872 597 717 
63148 63691 63764 60880 63978 66611 63438 63325 58533 63635 
556 736 301 111 704 408 163 315 670 457 357 916 614 60 373 182 129 767 896 178 975 226 404 833 575 340 321 580 425 955 739 473 946 666 630 462 841 2 778 714 855 768 141 847 325 765 10 162 208 981 638 184 124 910 332 634 555 55 396 23 171 310 181 378 600 742 275 601 951 731 166 659 15 230 577 807 420 862 974 991 795 938 792 647 59 991 759 627 328 902 629 510 103 788 73 379 573 783 310 38 700 342 533 681 300 205 855 69 523 311 669 887 130 177 103 110 623 985 69 61 511 331 493 688 307 751 731 797 726 939 813 341 713 335 15 43 335 850 303 288 492 577 626 7 768 693 170 199 304 650 644 258 363 631 924 780 987 221 11 415 19 345 860 357 174 915 242 575 719 793 462 663 152 893 471 614 581 911 868 579 373 665 634 412 254 432 273 281 561 643 781 83 755 271 873 146 670 703 90 63 712 67 555 835 405 178 923 591 723 351 505 178 427 532 72 850 539 892 386 394 778 173 462 0 153 641 470 370 554 141 800 585 345 872 956 560 805 585 222 460 130 236 400 660 637 547 237 406 654 62 
413 494 348 63 799 352 111 889 914 312 153 287 888 424 374 650 711 816 111 774 687 279 191 181 890 484 662 995 718 533 81 879 959 989 678 424 623 986 66 449 458 515 486 726 796 398 624 182 153 272 23 598 392 154 253 691 849 842 414 986 189 41 786 540 227 14 608 125 948 638 256 555 60 673 157 75 495 829 687 438 432 476 101 986 350 733 261 409 956 615 463 265 182 989 616 194 959 842 223 968 551 770 650 952 922 603 222 623 879 770 390 960 485 354 21 581 641 729 143 491 92 355 213 56 862 166 63 27 859 109 303 874 914 633 734 888 903 250 679 125 128 413 79 253 568 96 713 871 597 389 28 91 661 57 832 191 216 113 301 795 103 171 356 671 792 536 560 336 91 549 20 21 893 192 994 111 499 334 422 735 300 995 390 470 198 525 326 794 944 837 922 818 292 616 863 783 814 405 641 555 658 505 64 473 292 465 723 123 713 421 605 554 100 72 664 653 21 676 491 463 71 811 393 896 761 428 793 842 911 609 397 729 483 566 612 543 40 731 575 903 247 839 53 960 667 147 793 557 375 938 
907 158 440 75 936 753 488 475 464 485 254 548 227 888 82 292 717 235 519 937 599 362 998 32 618 944 860 499 231 121 876 938 746 360 46 818 6 24 749 906 104 680 220 122 231 897 782 947 566 733 673 96 589 279 10 976 981 504 635 386 93 470 16 274 418 716 568 160 76 413 458 573 863 885 150 185 117 448 783 820 72 325 82 329 881 842 686 866 461 949 138 492 253 608 240 162 690 255 968 431 815 923 432 844 541 930 90 632 851 868 56 174 669 782 457 171 371 650 719 412 104 906 155 927 578 176 944 105 174 454 791 301 338 113 310 381 30 753 70 237 177 484 114 710 172 514 273 922 198 343 752 488 829 869 294 692 816 264 375 976 216 65 177 704 123 759 986 390 105 235 112 849 767 333 904 365 587 958 483 359 631 504 170 251 764 982 651 488 689 113 479 125 101 653 138 653 518 196 645 761 115 57 30 337 272 571 413 945 907 685 692 787 811 5 778 626 814 611 879 665 921 602 757 806 377 193 599 695 266 540 89 984 332 647 363 956 567 38 400 847 52 827 407 565 518 159 327 797 608 974 
547 669 623 859 509 351 25 264 581 285 802 287 674 733 956 829 902 70 878 900 582 49 156 99 145 303 257 915 684 217 532 601 566 824 606 418 153 701 402 820 770 698 370 378 566 13 385 341 462 91 789 582 683 578 25 95 578 209 99 34 768 187 49 292 163 303 915 856 318 754 168 634 48 478 637 519 990 849 295 913 472 751 553 271 579 190 492 468 570 1 576 147 477 90 997 444 523 866 94 313 497 963 525 666 391 286 94 797 564 249 924 738 241 632 961 661 527 167 913 250 445 921 211 339 779 123 634 716 774 564 236 85 95 233 870 694 336 825 100 997 868 967 443 701 679 131 383 594 6 124 467 515 85 935 173 371 880 853 393 366 232 120 71 411 379 580 326 969 354 293 101 173 244 309 340 285 641 176 308 181 446 180 13 871 423 527 20 826 189 694 559 665 305 806 861 25 890 523 487 712 995 229 833 539 895 112 569 138 149 16 249 370 321 752 323 272 216 396 46 316 986 898 149 75 322 449 268 426 558 914 171 144 18 911 960 303 736 51 388 236 614 50 208 750 16 260 526 389 636 499 
599 627 55 599 472 946 359 87 150 58 885 125 318 647 47 462 572 361 464 533 1 323 581 159 702 251 537 675 970 528 29 430 599 314 877 115 451 494 212 178 251 770 580 80 379 508 748 41 87 658 426 7 904 266 984 726 953 971 875 294 122 792 248 108 153 170 64 720 476 705 478 37 387 960 10 756 824 784 505 976 387 91 573 956 667 424 963 85 906 896 218 989 573 253 265 820 966 934 477 979 421 117 569 590 826 676 691 529 923 803 224 570 59 935 38 719 114 903 579 852 54 599 233 414 576 801 875 989 204 651 234 401 938 438 233 914 160 551 761 733 855 92 885 181 205 401 713 702 16 351 707 314 239 387 809 44 183 35 619 14 169 79 306 307 99 279 455 458 316 852 178 537 558 295 600 884 11 2 54 713 430 903 262 624 992 147 235 443 537 929 541 914 933 275 402 612 189 628 285 398 479 735 851 700 499 596 749 544 198 580 631 543 231 433 498 878 413 617 540 805 207 67 514 627 456 723 214 375 788 94 432 490 267 47 870 550 560 342 840 341 900 147 701 797 674 407 82 788 119 532 
125 557 6 16 952 492 938 949 1000 816 495 852 161 382 570 934 542 964 350 557 70 356 79 616 987 794 337 920 170 581 622 789 499 546 997 750 795 522 42 645 396 392 544 263 227 128 973 743 223 143 612 738 139 611 588 484 932 434 61 491 219 569 866 354 237 631 83 167 771 474 795 638 344 395 670 494 501 940 735 748 120 983 430 497 890 810 588 59 386 650 35 143 164 62 720 641 895 909 829 231 155 605 231 540 389 748 420 931 458 678 327 85 679 564 826 314 865 550 536 375 968 132 892 715 849 454 469 327 625 280 893 622 493 853 24 179 607 825 433 766 365 210 722 891 209 238 9 530 294 898 96 782 171 212 989 587 427 172 415 811 478 192 117 840 59 348 554 323 797 839 824 693 554 697 901 270 670 41 394 136 191 846 610 874 189 904 466 108 85 461 488 437 359 744 351 165 221 973 458 467 506 114 44 585 999 239 775 89 111 281 465 502 987 169 251 432 515 775 510 396 359 75 820 576 0 882 412 34 207 312 731 862 973 825 658 234 974 803 832 225 986 902 337 384 406 171 569 253 868 80 
794 821 961 962 242 337 559 595 576 323 888 627 634 365 85 265 204 595 707 138 131 775 217 750 776 655 662 248 321 391 253 540 118 781 787 721 833 141 983 654 675 718 881 386 229 335 283 589 945 849 833 892 509 56 683 744 588 417 173 750 55 462 749 945 969 916 624 70 973 67 938 194 667 374 776 371 404 876 556 709 293 676 757 361 355 102 595 260 299 485 272 312 271 463 361 855 24 19 298 361 227 528 26 300 536 708 229 720 862 289 753 355 567 704 100 609 503 314 984 371 862 228 624 237 335 166 777 36 113 757 992 609 236 557 772 190 564 533 602 982 818 665 73 194 11 418 240 565 981 646 899 370 118 109 560 160 798 970 241 568 816 240 897 236 618 399 47 597 686 401 431 325 224 243 783 687 117 527 605 36 629 139 704 918 565 48 230 408 820 711 837 213 314 819 735 268 680 639 97 667 138 52 289 583 524 321 233 494 60 348 558 38 432 927 610 600 776 474 259 52 774 357 755 889 706 266 434 200 297 66 162 252 753 927 276 751 365 527 999 573 142 194 678 748 496 683 321 894 632 871 
447 840 413 682 933 47 649 88 50 672 171 202 673 176 811 522 592 398 987 12 414 818 654 469 781 499 216 695 776 703 260 643 967 630 555 52 331 328 206 346 415 187 255 51 536 727 113 206 738 891 435 691 157 985 49 95 71 494 702 802 877 946 736 448 337 801 306 713 360 563 397 815 992 443 365 981 937 344 895 302 890 205 977 32 267 802 747 893 838 413 271 684 290 313 471 47 495 810 84 375 67 376 758 4 906 148 531 145 749 744 365 841 709 112 627 424 213 8 254 289 258 121 205 799 201 766 127 32 293 863 403 379 869 89 359 558 432 644 777 485 280 34 885 104 795 476 806 983 326 579 508 148 455 683 257 817 314 457 989 442 299 450 31 255 905 805 687 597 378 155 405 692 289 933 991 803 508 482 693 728 56 406 511 302 346 760 81 643 231 938 793 958 929 23 809 674 264 76 764 615 166 806 201 415 929 577 162 919 768 133 421 396 695 537 363 941 463 538 789 382 579 498 625 982 515 845 280 308 537 951 635 686 524 121 522 178 24 28 912 312 568 331 425 350 638 303 810 147 39 128 
399 818 164 960 365 949 197 678 500 422 200 968 379 455 967 154 240 212 160 594 365 368 68 554 319 423 348 905 562 471 334 729 886 253 618 217 725 451 372 111 205 976 449 633 240 689 319 863 630 525 927 728 915 454 187 523 599 957 626 54 220 283 86 308 786 659 34 879 227 444 828 209 378 280 366 209 623 292 655 854 14 14 461 204 339 516 84 128 309 493 285 597 250 582 429 322 883 657 125 63 967 544 445 978 745 908 137 850 975 863 364 291 573 995 190 990 700 522 518 58 81 676 112 314 16 30 344 410 464 790 919 983 482 372 627 798 852 182 73 318 934 604 971 7 112 687 761 42 989 978 114 32 888 692 885 79 707 40 752 137 753 866 683 313 59 926 20 793 957 921 264 474 790 818 735 807 573 360 298 338 230 929 746 406 919 823 189 867 635 980 990 92 285 275 762 284 262 693 617 233 740 492 44 753 862 294 731 236 790 351 914 990 508 607 786 816 873 443 338 707 733 412 189 980 803 359 441 426 862 948 662 173 995 67 647 123 275 469 351 617 464 394 152 240 535 817 377 802 668 229 
63 495 314 374 554 583 675 563 661 523 946 544 593 299 898 502 556 385 105 83 112 14 291 108 454 385 337 787 822 782 81 957 52 180 28 483 434 849 520 354 72 806 97 821 635 988 542 451 107 636 284 605 430 349 519 815 420 419 335 549 664 462 751 305 428 769 554 618 25 986 400 591 925 838 361 82 368 894 458 70 21 76 664 522 546 891 202 764 368 607 38 312 49 762 731 155 269 932 359 357 992 734 778 872 748 881 728 821 169 896 217 13 202 837 124 660 745 746 69 489 182 740 935 447 960 339 750 780 946 249 176 595 95 582 157 381 376 759 832 408 481 394 186 550 10 965 884 646 171 676 107 815 606 235 180 494 326 652 960 636 629 373 558 427 897 329 20 959 753 776 483 616 635 623 298 482 636 288 626 559 490 876 811 209 102 557 713 359 157 884 61 775 955 100 569 798 563 767 54 430 154 722 121 170 353 895 736 612 925 409 485 467 78 697 594 461 291 800 919 723 367 16 257 464 986 632 66 632 215 422 515 902 644 926 122 607 832 32 73 66 719 335 357 938 4 516 741 530 228 420 
61946 63162 62469 57825 60974 63450 62219 61853 64026 62279 
