250 10 5
686 757 936 510 350 984 1091 944 865 1099 778 545 724 727 833 731 332 404 594 442 545 1033 613 931 743 1041 575 175 755 616 841 395 282 685 736 672 793 939 879 703 522 296 914 694 871 507 753 898 804 788 453 600 491 860 738 625 523 908 860 707 837 1010 637 683 1022 988 826 573 676 717 653 772 857 588 978 588 691 40 628 162 691 719 994 429 390 642 291 937 325 846 956 731 872 560 497 832 496 387 800 784 374 500 617 290 643 862 699 523 646 532 632 789 820 729 1005 680 946 239 764 677 913 689 898 788 892 883 523 566 580 791 893 679 202 849 800 589 973 733 760 637 576 540 824 536 720 691 761 411 664 786 817 546 398 596 572 757 294 614 1037 948 1290 1138 844 739 882 546 650 606 985 607 1303 675 865 699 615 468 702 896 879 859 921 698 1001 662 708 234 932 907 673 403 185 763 701 945 700 1062 543 633 864 615 872 981 753 667 590 798 401 784 485 600 598 827 1079 654 1102 306 905 778 947 382 265 519 987 560 1099 902 1008 727 277 768 854 848 784 600 288 840 952 897 852 912 725 786 1159 345 644 1036 723 784 845 786 
680 753 334 203 84 510 554 665 447 915 116 232 239 400 3 300 523 871 984 823 979 70 754 95 139 916 216 175 870 102 969 966 892 367 971 313 20 937 597 665 616 774 965 133 587 925 465 877 604 501 118 28 431 443 946 851 751 907 802 741 197 360 554 998 983 732 992 338 314 734 423 407 653 159 93 330 651 242 243 947 398 471 736 687 324 598 780 121 347 387 805 376 859 879 156 982 928 600 580 574 108 53 104 331 206 684 105 553 989 728 666 900 107 835 140 306 674 567 185 57 559 429 801 96 904 993 342 942 990 100 624 893 291 343 958 141 355 575 243 176 370 374 845 393 593 491 501 731 704 607 640 378 74 407 231 332 588 424 536 398 563 894 642 886 959 899 628 268 700 591 683 151 771 700 445 113 314 639 456 458 616 893 177 533 478 235 238 629 910 419 411 901 165 952 93 490 417 544 767 177 737 101 1000 384 214 378 449 477 548 549 47 96 889 289 845 234 178 432 599 715 312 842 190 36 606 849 598 985 15 488 585 828 321 7 938 121 628 768 321 933 937 566 946 669 906 419 475 689 942 358 
25 357 512 86 650 579 124 465 648 834 242 162 74 444 134 823 178 491 685 454 614 657 247 107 760 545 333 291 988 137 361 373 628 812 904 389 582 873 481 984 968 614 866 687 9 514 982 596 263 501 569 941 128 88 303 659 33 276 272 601 15 315 693 213 689 376 158 521 330 759 99 431 152 549 631 637 951 22 499 446 210 344 904 188 749 467 594 14 942 989 572 38 813 686 248 687 424 528 388 169 24 37 227 900 728 742 488 510 10 447 675 333 666 20 289 611 616 993 894 572 830 996 826 209 885 284 931 370 912 630 680 941 341 843 473 561 855 642 135 25 621 303 863 289 680 712 70 314 414 900 108 502 210 955 832 410 984 99 543 982 937 919 635 669 979 272 37 117 397 881 707 590 925 363 8 651 3 718 798 322 617 146 500 578 761 400 831 161 717 387 170 243 452 982 525 642 953 149 711 648 851 970 388 301 925 902 180 826 787 980 537 881 17 259 694 882 99 52 111 134 476 438 333 481 808 121 671 531 760 633 183 771 416 999 265 943 634 150 508 293 817 554 790 697 653 193 370 333 705 206 
400 994 134 34 72 865 757 681 527 767 519 845 197 404 157 5 172 523 86 444 16 375 580 145 807 393 117 234 335 155 995 343 402 324 650 455 91 330 988 422 366 473 831 401 857 845 841 375 451 201 401 311 552 157 733 337 810 281 786 398 295 877 88 751 29 628 769 247 918 420 589 519 363 918 847 949 394 389 869 371 656 129 946 545 556 872 27 826 233 897 356 431 473 401 200 438 705 170 18 216 441 751 583 261 976 367 271 400 98 708 576 674 777 379 409 200 364 521 223 491 250 466 537 875 756 633 252 219 830 598 710 435 372 707 626 280 868 5 824 395 920 779 234 76 87 711 727 596 136 175 944 557 14 131 828 771 90 84 563 863 244 553 708 703 319 584 311 623 911 471 10 374 99 880 212 480 298 342 155 550 856 746 214 128 653 260 506 654 314 338 157 482 298 825 892 621 482 911 629 755 720 93 420 736 773 133 349 207 635 175 502 910 171 218 994 187 39 677 405 93 91 51 155 531 554 200 463 749 348 823 277 716 657 887 894 914 900 961 654 689 760 106 823 20 19 880 180 135 717 590 
909 384 446 184 381 955 315 845 637 215 607 296 46 961 521 93 825 372 801 396 998 5 314 647 263 951 231 90 530 484 509 736 417 87 996 536 594 970 324 689 412 570 233 842 200 59 623 872 388 533 157 238 958 116 217 302 445 577 462 282 511 626 447 465 113 793 715 210 418 975 606 578 343 471 332 814 636 226 717 71 775 854 6 128 509 94 293 264 81 263 266 727 984 832 309 891 502 591 940 616 414 787 626 282 531 765 830 866 186 326 297 530 267 55 445 544 796 426 645 179 900 108 481 2 216 23 542 277 103 64 599 538 309 30 54 792 98 566 553 496 81 798 604 473 160 119 234 272 130 713 587 385 181 774 76 985 404 230 874 879 989 294 212 526 1000 279 611 556 484 15 611 503 721 267 318 348 533 991 189 167 991 435 638 906 989 350 148 397 918 134 9 570 247 159 659 974 782 687 922 174 608 523 781 759 675 236 632 827 18 415 486 389 492 719 830 452 171 27 615 799 526 63 858 748 517 267 412 345 120 822 353 238 478 456 663 977 142 322 712 967 496 167 661 707 448 574 402 960 360 190 
758 518 394 921 543 735 992 260 839 407 413 132 785 261 887 983 449 171 794 21 167 815 702 214 610 423 76 352 572 287 739 487 449 258 397 563 462 2 416 736 364 536 461 712 538 442 410 536 460 431 936 13 349 107 621 325 821 683 991 125 530 976 44 366 920 492 268 190 921 781 244 95 3 644 929 235 676 205 408 507 838 148 504 785 354 267 252 531 605 934 746 236 214 563 260 466 995 298 450 882 38 457 324 3 667 716 488 324 471 894 24 319 87 554 673 10 485 408 451 825 172 464 292 518 998 736 691 228 626 62 780 134 71 868 217 82 326 574 907 180 938 309 955 196 841 721 715 472 792 96 555 767 321 97 981 611 3 872 424 123 589 7 268 19 554 312 802 757 843 348 889 187 71 939 448 556 787 258 607 834 530 589 220 645 443 34 638 802 861 337 331 817 787 661 322 561 768 772 744 947 905 237 307 305 837 726 999 613 509 843 724 177 931 598 117 10 756 242 182 564 876 653 837 772 182 856 285 359 665 920 258 837 562 514 432 445 411 72 657 80 647 230 843 925 970 291 238 911 138 297 
470 176 865 563 381 716 629 265 901 430 941 652 344 107 452 289 704 328 483 760 558 164 736 778 675 149 833 221 823 892 526 543 293 104 850 731 955 107 807 398 83 134 36 249 19 701 576 444 732 858 179 103 316 107 138 615 332 34 446 234 202 64 217 468 844 922 832 46 104 431 526 537 910 782 366 749 850 826 526 2 59 818 373 563 102 106 571 710 95 948 947 28 948 732 97 328 482 87 554 314 388 673 184 105 95 263 323 114 726 419 23 987 94 337 911 62 633 700 117 869 180 603 982 290 959 232 951 220 199 470 970 33 150 848 7 758 589 345 739 991 14 215 609 31 716 727 619 439 183 615 678 206 434 590 104 164 379 164 851 775 692 520 775 690 822 933 345 529 905 212 726 252 171 680 189 607 670 644 295 758 504 612 287 136 873 150 682 715 439 391 765 769 57 869 641 925 85 936 911 288 562 159 67 154 436 308 259 185 635 159 484 771 971 947 568 915 450 634 754 461 387 274 253 210 557 492 679 66 634 664 10 909 944 131 596 711 298 323 443 383 692 920 402 686 440 907 738 872 748 580 
337 380 488 668 235 483 624 550 283 202 22 351 536 407 604 415 48 629 332 983 189 584 624 297 313 632 552 509 907 637 55 329 959 599 93 694 687 42 91 11 284 35 280 562 746 798 29 253 670 995 130 38 73 548 847 696 153 959 35 569 476 684 60 180 820 6 803 504 17 649 189 795 257 263 760 828 720 242 340 459 455 425 837 505 726 36 178 478 370 173 95 94 973 556 315 771 168 873 769 746 384 367 622 933 987 269 599 939 202 668 592 729 68 920 612 895 446 950 136 115 852 538 30 429 54 333 611 623 155 232 695 795 150 100 191 570 3 125 716 720 992 843 778 945 451 702 168 753 352 196 874 190 767 700 920 342 199 703 372 672 212 732 70 828 962 592 400 497 807 360 816 723 250 838 985 329 757 685 768 351 619 53 711 936 955 532 92 937 479 427 423 197 445 780 398 749 827 124 920 388 112 421 155 531 959 568 541 217 347 236 693 760 857 337 904 232 999 595 963 45 96 32 755 895 773 704 733 493 883 815 55 561 142 979 3 225 769 246 639 131 323 411 774 245 960 936 108 304 229 904 
195 459 73 421 297 806 483 520 686 725 88 89 814 448 330 396 722 149 151 697 639 701 534 186 627 638 953 347 379 558 179 163 775 74 329 804 144 386 681 236 414 909 531 442 68 131 546 719 152 142 632 746 603 439 268 530 421 499 989 600 942 514 131 532 701 211 74 693 256 970 141 477 560 468 125 210 162 32 711 685 452 309 406 360 462 971 325 561 108 419 506 801 725 38 571 92 293 990 178 438 66 774 153 626 617 859 140 801 71 295 648 252 334 18 487 43 845 103 945 625 655 951 841 125 518 176 965 378 888 259 571 233 638 128 675 987 331 802 209 160 171 338 463 302 527 132 253 603 19 220 880 521 582 215 690 821 52 89 519 381 837 665 75 268 435 774 485 552 998 280 556 838 775 63 235 170 543 548 670 688 413 889 321 433 729 58 805 975 452 584 418 783 348 585 804 881 393 801 493 537 696 238 765 923 362 415 716 880 444 122 67 787 165 24 974 74 186 825 834 213 552 814 286 720 342 659 764 944 545 712 124 79 60 188 780 343 813 289 937 912 81 278 132 155 275 182 750 770 358 891 
17 997 48 115 28 246 595 790 324 399 394 893 314 768 736 370 137 99 944 926 140 667 619 399 610 424 677 806 304 379 903 362 418 865 571 166 986 643 129 611 676 32 308 838 671 886 692 287 428 261 433 214 308 536 708 134 907 530 478 214 734 372 797 140 229 657 689 65 249 109 755 322 140 393 360 691 547 168 144 940 445 975 434 921 96 63 84 930 488 945 947 143 646 445 566 90 2 819 835 481 113 302 598 546 860 412 254 245 806 271 398 592 731 688 731 694 977 16 498 964 945 750 991 137 90 287 989 875 345 569 377 41 385 333 573 12 340 320 629 636 216 841 771 541 264 152 43 830 792 83 486 140 461 327 447 459 160 200 927 656 297 961 385 479 547 3 605 872 444 422 293 648 593 680 601 40 307 263 722 736 963 408 905 162 814 134 93 950 89 250 727 321 652 661 797 108 358 798 176 845 628 324 455 712 192 42 775 148 19 150 57 470 819 824 858 229 907 466 337 98 389 420 586 557 632 100 717 960 18 664 550 613 475 476 490 142 247 641 270 415 386 84 504 198 200 386 538 806 468 924 
522 38 548 614 186 781 519 319 952 642 470 232 542 653 627 629 175 127 965 877 774 890 750 337 149 504 154 70 616 853 584 642 624 251 263 960 527 441 951 892 407 643 404 822 520 176 619 607 221 974 65 604 829 885 816 557 555 318 937 308 853 825 937 902 324 633 204 43 392 481 465 237 225 635 178 210 333 652 42 74 740 633 709 600 461 743 881 696 143 982 853 452 24 979 102 750 933 960 556 133 117 572 118 609 414 633 434 861 916 586 154 998 781 705 31 863 782 2 367 778 275 952 342 847 457 531 710 308 932 887 174 424 287 955 396 32 151 534 18 229 758 442 729 420 792 901 912 83 151 531 987 132 711 566 892 987 265 496 986 536 504 183 196 331 573 830 308 138 315 114 755 620 594 483 977 451 620 582 441 867 248 165 117 925 146 574 431 826 807 620 51 464 698 31 197 191 664 428 62 400 883 564 678 865 480 470 160 507 281 988 216 48 538 766 957 629 140 841 863 540 68 140 615 662 729 728 729 562 31 478 618 56 70 421 329 484 721 426 135 612 728 703 510 912 269 695 67 556 262 342 
32992 32074 30149 30163 31544 30583 31125 29709 29952 32333 
556 736 301 111 704 408 163 315 670 457 357 916 614 60 373 182 129 767 896 178 975 226 404 833 575 340 321 580 425 955 739 473 946 666 630 462 841 2 778 714 855 768 141 847 325 765 10 162 208 981 638 184 124 910 332 634 555 55 396 23 171 310 181 378 600 742 275 601 951 731 166 659 15 230 577 807 420 862 974 991 795 938 792 647 59 991 759 627 328 902 629 510 103 788 73 379 573 783 310 38 700 342 533 681 300 205 855 69 523 311 669 887 130 177 103 110 623 985 69 61 511 331 493 688 307 751 731 797 726 939 813 341 713 335 15 43 335 850 303 288 492 577 626 7 768 693 170 199 304 650 644 258 363 631 924 780 987 221 11 415 19 345 860 357 174 915 242 575 719 793 462 663 152 893 471 614 581 911 868 579 373 665 634 412 254 432 273 281 561 643 781 83 755 271 873 146 670 703 90 63 712 67 555 835 405 178 923 591 723 351 505 178 427 532 72 850 539 892 386 394 778 173 462 0 153 641 470 370 554 141 800 585 345 872 956 560 805 585 222 460 130 236 400 660 637 547 237 406 654 62 
413 494 348 63 799 352 111 889 914 312 153 287 888 424 374 650 711 816 111 774 687 279 191 181 890 484 662 995 718 533 81 879 959 989 678 424 623 986 66 449 458 515 486 726 796 398 624 182 153 272 23 598 392 154 253 691 849 842 414 986 189 41 786 540 227 14 608 125 948 638 256 555 60 673 157 75 495 829 687 438 432 476 101 986 350 733 261 409 956 615 463 265 182 989 616 194 959 842 223 968 551 770 650 952 922 603 222 623 879 770 390 960 485 354 21 581 641 729 143 491 92 355 213 56 862 166 63 27 859 109 303 874 914 633 734 888 903 250 679 125 128 413 79 253 568 96 713 871 597 389 28 91 661 57 832 191 216 113 301 795 103 171 356 671 792 536 560 336 91 549 20 21 893 192 994 111 499 334 422 735 300 995 390 470 198 525 326 794 944 837 922 818 292 616 863 783 814 405 641 555 658 505 64 473 292 465 723 123 713 421 605 554 100 72 664 653 21 676 491 463 71 811 393 896 761 428 793 842 911 609 397 729 483 566 612 543 40 731 575 903 247 839 53 960 667 147 793 557 375 938 
907 158 440 75 936 753 488 475 464 485 254 548 227 888 82 292 717 235 519 937 599 362 998 32 618 944 860 499 231 121 876 938 746 360 46 818 6 24 749 906 104 680 220 122 231 897 782 947 566 733 673 96 589 279 10 976 981 504 635 386 93 470 16 274 418 716 568 160 76 413 458 573 863 885 150 185 117 448 783 820 72 325 82 329 881 842 686 866 461 949 138 492 253 608 240 162 690 255 968 431 815 923 432 844 541 930 90 632 851 868 56 174 669 782 457 171 371 650 719 412 104 906 155 927 578 176 944 105 174 454 791 301 338 113 310 381 30 753 70 237 177 484 114 710 172 514 273 922 198 343 752 488 829 869 294 692 816 264 375 976 216 65 177 704 123 759 986 390 105 235 112 849 767 333 904 365 587 958 483 359 631 504 170 251 764 982 651 488 689 113 479 125 101 653 138 653 518 196 645 761 115 57 30 337 272 571 413 945 907 685 692 787 811 5 778 626 814 611 879 665 921 602 757 806 377 193 599 695 266 540 89 984 332 647 363 956 567 38 400 847 52 827 407 565 518 159 327 797 608 974 
547 669 623 859 509 351 25 264 581 285 802 287 674 733 956 829 902 70 878 900 582 49 156 99 145 303 257 915 684 217 532 601 566 824 606 418 153 701 402 820 770 698 370 378 566 13 385 341 462 91 789 582 683 578 25 95 578 209 99 34 768 187 49 292 163 303 915 856 318 754 168 634 48 478 637 519 990 849 295 913 472 751 553 271 579 190 492 468 570 1 576 147 477 90 997 444 523 866 94 313 497 963 525 666 391 286 94 797 564 249 924 738 241 632 961 661 527 167 913 250 445 921 211 339 779 123 634 716 774 564 236 85 95 233 870 694 336 825 100 997 868 967 443 701 679 131 383 594 6 124 467 515 85 935 173 371 880 853 393 366 232 120 71 411 379 580 326 969 354 293 101 173 244 309 340 285 641 176 308 181 446 180 13 871 423 527 20 826 189 694 559 665 305 806 861 25 890 523 487 712 995 229 833 539 895 112 569 138 149 16 249 370 321 752 323 272 216 396 46 316 986 898 149 75 322 449 268 426 558 914 171 144 18 911 960 303 736 51 388 236 614 50 208 750 16 260 526 389 636 499 
599 627 55 599 472 946 359 87 150 58 885 125 318 647 47 462 572 361 464 533 1 323 581 159 702 251 537 675 970 528 29 430 599 314 877 115 451 494 212 178 251 770 580 80 379 508 748 41 87 658 426 7 904 266 984 726 953 971 875 294 122 792 248 108 153 170 64 720 476 705 478 37 387 960 10 756 824 784 505 976 387 91 573 956 667 424 963 85 906 896 218 989 573 253 265 820 966 934 477 979 421 117 569 590 826 676 691 529 923 803 224 570 59 935 38 719 114 903 579 852 54 599 233 414 576 801 875 989 204 651 234 401 938 438 233 914 160 551 761 733 855 92 885 181 205 401 713 702 16 351 707 314 239 387 809 44 183 35 619 14 169 79 306 307 99 279 455 458 316 852 178 537 558 295 600 884 11 2 54 713 430 903 262 624 992 147 235 443 537 929 541 914 933 275 402 612 189 628 285 398 479 735 851 700 499 596 749 544 198 580 631 543 231 433 498 878 413 617 540 805 207 67 514 627 456 723 214 375 788 94 432 490 267 47 870 550 560 342 840 341 900 147 701 797 674 407 82 788 119 532 
30973 31581 31235 28912 30487 
