250 10 10
596 763 723 892 457 343 823 349 607 726 836 789 805 588 667 608 529 323 365 802 705 876 565 1082 667 905 835 487 795 483 658 237 814 524 359 594 586 623 664 621 705 165 733 907 814 605 451 671 570 562 518 544 690 743 539 220 651 639 892 747 896 607 734 740 744 751 841 469 787 608 543 860 822 773 676 597 477 212 826 537 916 878 183 785 704 201 635 553 384 583 914 593 988 618 502 606 745 526 618 568 580 738 675 879 614 341 433 452 368 147 820 881 703 485 828 471 563 808 504 552 632 885 889 692 566 808 485 899 464 424 492 791 393 978 1124 525 536 635 455 453 417 821 512 995 1037 769 624 671 594 657 958 744 673 581 874 776 621 898 386 390 530 1028 635 423 800 782 788 692 569 591 815 555 707 458 323 549 663 604 924 805 654 526 725 775 900 597 882 938 553 314 689 647 329 653 490 884 794 818 744 592 585 921 747 505 680 523 273 717 697 722 602 888 516 911 539 483 704 588 840 665 419 674 842 727 690 259 714 548 898 533 619 809 684 350 584 604 616 948 610 689 417 689 590 565 1030 889 653 497 533 543 
396 63 43 279 807 710 482 339 659 810 542 945 467 651 290 63 68 30 468 599 712 246 642 132 452 722 461 765 56 452 303 100 625 303 843 998 145 806 104 81 921 652 453 622 915 751 116 475 139 740 207 768 199 505 76 541 794 549 879 616 148 959 435 391 270 905 864 239 881 891 691 443 413 439 1000 36 256 64 152 387 948 672 515 999 247 390 541 47 729 877 584 262 904 75 29 857 963 966 9 946 1000 206 953 994 886 2 270 209 961 84 126 574 177 363 401 44 698 693 126 138 442 825 848 456 804 621 413 275 663 997 928 679 429 22 963 679 724 518 791 927 55 571 198 115 906 765 383 343 175 397 583 142 52 394 223 943 649 760 739 259 338 623 244 759 953 876 617 977 248 274 66 588 577 247 280 396 382 174 422 561 319 823 720 460 543 464 469 618 254 842 518 267 53 116 556 657 139 800 403 672 177 511 113 586 655 630 948 177 557 301 990 745 858 483 473 794 372 563 786 833 756 252 856 57 807 92 906 68 571 322 937 157 400 45 154 769 898 968 370 984 248 739 999 471 766 688 138 690 859 562 
422 396 538 638 984 463 536 582 612 379 386 769 427 358 972 340 854 367 1 543 306 954 206 959 641 931 806 247 835 763 795 518 297 36 536 143 190 388 809 267 435 659 736 430 673 45 350 739 158 142 141 129 875 992 584 547 11 77 823 696 44 398 68 599 307 703 7 944 657 41 130 938 648 669 91 857 603 57 925 235 216 468 117 535 791 145 237 501 255 246 147 370 605 353 807 84 628 271 455 176 395 236 634 733 193 394 478 169 969 538 721 932 157 483 674 760 356 461 118 165 956 532 426 871 718 462 467 902 571 603 702 545 770 327 929 505 295 969 398 143 883 472 467 813 85 474 179 909 540 597 418 300 673 417 627 988 174 92 745 397 266 947 591 713 280 737 720 153 618 522 445 658 816 148 291 48 312 954 713 510 61 279 425 778 712 372 662 852 591 219 200 720 280 776 511 608 475 498 182 523 570 101 227 556 834 692 184 378 894 121 978 123 304 541 132 887 815 558 604 781 712 587 96 744 388 16 873 960 268 410 356 577 303 442 671 939 591 770 146 430 631 329 625 107 782 486 467 259 240 285 
468 664 408 316 330 149 111 285 938 687 699 114 753 384 409 506 721 408 873 421 273 10 531 457 692 15 525 58 685 173 217 627 591 117 608 295 966 31 482 118 916 278 169 88 749 435 992 403 570 826 286 685 831 503 578 1 395 198 230 737 818 789 188 39 628 483 601 555 235 133 435 43 871 948 364 118 889 560 828 239 802 858 335 979 785 476 732 217 343 274 417 611 458 917 335 737 715 675 801 360 305 312 419 508 882 178 637 291 653 7 972 806 175 360 45 253 969 842 161 745 391 817 502 73 439 475 51 321 77 332 449 118 977 303 395 882 581 944 164 71 455 906 458 278 76 987 638 69 919 161 312 218 643 971 421 818 222 264 704 615 722 824 914 5 986 491 993 524 617 485 481 155 42 263 757 128 134 893 627 522 569 873 307 955 60 74 774 150 673 731 174 132 904 853 618 38 468 372 358 714 957 75 483 149 931 431 84 445 767 491 884 780 258 65 544 196 618 796 521 141 359 973 781 607 970 780 650 72 728 858 74 420 585 944 892 431 204 713 401 772 711 928 641 851 256 938 329 405 539 1 
909 239 481 430 589 928 277 68 386 498 238 436 237 834 271 124 555 448 181 991 874 645 717 146 722 816 235 340 244 734 674 355 852 661 175 958 870 439 972 374 866 319 869 547 918 68 332 912 144 720 813 791 880 752 321 818 79 290 35 462 850 256 813 480 853 998 439 524 872 476 748 154 417 300 197 975 631 691 642 796 226 376 221 57 76 238 380 416 256 496 897 449 916 33 372 569 471 610 284 977 123 992 855 823 265 586 663 383 399 958 88 600 427 310 923 78 788 701 765 835 853 197 533 21 184 515 479 773 932 465 275 581 54 929 789 366 225 858 642 316 222 581 343 107 497 260 146 22 857 895 365 76 133 758 982 313 911 677 119 277 746 67 222 943 379 457 365 727 473 867 679 734 307 960 399 134 782 33 976 705 331 99 923 99 186 620 756 806 257 344 524 761 91 297 797 552 248 359 415 114 240 973 717 708 840 951 30 993 984 277 437 590 234 209 896 359 459 224 536 396 198 634 477 169 197 33 375 848 559 948 860 534 192 536 636 424 747 331 494 491 632 176 257 254 102 114 827 577 223 921 
865 626 614 517 314 708 425 765 732 542 182 150 99 188 743 61 485 479 934 331 439 469 151 755 493 921 375 620 276 273 648 63 992 618 129 488 620 83 727 52 45 835 735 191 853 843 511 50 176 588 511 407 456 31 787 340 441 159 541 993 892 926 724 378 332 673 647 427 66 261 647 294 657 503 504 373 393 229 630 921 92 109 567 167 226 241 149 869 28 951 296 184 266 281 268 130 934 210 208 206 573 708 90 892 849 969 58 531 471 104 669 553 249 283 703 443 211 730 669 45 350 697 775 601 383 882 529 888 549 523 899 849 380 918 318 388 532 770 173 414 464 260 949 970 832 461 957 756 662 322 675 180 904 839 628 108 938 697 273 595 561 789 18 373 512 883 187 632 322 90 602 463 460 683 988 501 960 645 346 312 841 179 319 659 889 535 245 722 716 797 933 963 523 600 299 177 776 325 147 239 700 529 839 575 634 691 363 776 617 481 398 777 868 651 113 400 138 58 692 217 516 447 229 312 922 891 528 189 996 530 773 969 850 262 53 332 946 796 474 269 260 729 849 270 807 891 160 165 650 23 
543 987 922 942 777 498 879 247 159 953 317 746 233 351 123 882 460 776 605 544 385 755 745 798 875 295 115 11 926 553 826 464 584 183 839 76 553 218 217 131 626 5 434 255 519 519 735 860 715 867 906 509 448 82 791 440 932 653 192 690 2 468 769 290 877 645 651 670 589 238 393 889 103 802 524 63 518 147 607 781 452 787 161 996 679 938 590 359 915 991 293 569 267 119 215 296 623 366 365 279 813 400 30 511 743 22 618 979 176 746 826 645 278 409 235 804 150 548 503 66 234 716 922 87 267 552 69 152 839 329 701 485 744 615 920 101 443 267 997 538 331 900 880 564 777 294 8 534 292 742 985 26 504 158 904 878 600 889 170 179 211 669 700 369 728 332 792 413 537 824 724 541 881 265 426 529 276 457 679 514 899 426 501 511 548 101 846 908 996 553 991 41 404 284 185 275 236 605 238 309 106 974 951 820 616 34 288 181 313 834 696 335 122 503 74 513 704 247 373 105 773 40 171 585 594 453 300 42 331 564 320 838 206 147 311 399 153 6 689 272 166 585 596 855 936 789 504 63 746 757 
660 663 612 454 55 4 397 681 670 7 439 871 969 855 869 233 756 637 237 53 21 969 325 559 930 192 447 869 152 914 196 784 436 268 786 900 850 138 173 390 775 74 574 800 814 401 103 807 20 623 666 583 613 785 252 522 267 426 349 397 618 393 316 95 444 177 925 624 469 474 26 998 806 339 114 159 122 164 891 901 394 172 369 612 192 880 388 4 494 974 931 871 365 477 579 218 980 69 22 412 687 846 499 304 811 929 25 130 90 640 963 3 411 902 634 228 119 62 686 148 283 444 610 858 561 22 666 834 125 961 125 351 520 731 650 868 855 236 636 899 88 44 486 289 465 155 109 288 225 250 536 859 91 476 624 462 7 532 767 845 279 293 178 137 313 28 974 402 785 150 868 256 348 169 140 856 660 307 498 255 207 12 75 423 158 973 574 396 438 622 51 845 320 841 717 235 881 743 710 307 233 821 767 67 340 454 44 23 955 232 401 433 464 798 879 890 275 104 420 674 758 789 126 345 219 108 638 251 441 229 844 974 153 666 438 499 403 988 600 798 558 64 242 662 796 166 804 690 18 765 
714 386 736 712 112 617 957 327 660 27 376 253 566 715 974 597 113 561 38 971 646 877 230 435 340 854 636 93 146 17 748 883 600 691 380 881 569 549 72 297 633 314 471 1000 278 762 986 557 384 331 688 483 231 180 283 475 537 530 887 899 713 446 608 884 350 53 793 966 337 21 116 11 996 864 677 998 658 571 724 451 203 427 190 251 916 12 275 110 104 977 318 87 985 546 294 453 828 544 551 751 696 602 960 29 780 38 114 887 59 286 45 982 809 304 786 652 235 203 624 997 136 323 632 506 721 35 287 313 490 5 327 670 133 547 492 871 147 730 71 490 346 276 284 120 876 26 420 638 165 203 690 55 555 536 702 115 355 859 851 374 384 650 800 265 418 336 153 856 79 214 3 208 589 292 866 791 899 657 899 112 962 219 992 469 175 656 567 596 366 417 569 117 453 233 211 728 758 833 166 265 154 761 999 161 837 78 766 955 430 870 967 323 322 844 459 151 638 491 899 667 905 29 273 517 931 577 39 133 336 894 308 946 610 787 618 740 114 66 209 374 684 175 73 399 149 660 178 813 942 226 
307 464 870 471 580 279 712 347 396 430 850 832 602 938 208 708 517 58 956 376 738 230 471 622 992 116 395 941 949 894 448 580 102 773 131 208 193 907 750 741 563 220 898 878 161 82 373 317 591 571 571 817 913 43 653 98 509 129 916 646 125 867 572 881 925 256 770 158 65 401 123 569 756 446 897 952 112 482 351 940 64 382 679 419 847 63 992 795 735 207 80 423 377 931 395 993 887 922 377 931 699 488 505 941 54 469 168 198 367 202 983 747 633 708 207 368 435 264 838 746 23 301 231 376 626 320 819 853 269 730 985 590 384 929 158 275 241 297 309 912 159 873 5 977 162 413 597 72 358 423 136 517 588 172 153 297 111 528 109 235 982 449 906 119 727 748 475 595 502 514 593 151 199 88 441 406 146 241 960 393 615 579 190 54 582 532 677 435 88 779 353 221 643 31 356 727 816 696 904 459 956 887 340 585 56 470 211 419 249 583 919 884 687 965 897 68 790 437 541 725 134 563 766 962 731 539 831 308 828 94 558 500 355 65 6 416 777 908 827 702 840 176 308 250 909 917 511 879 467 358 
759 791 73 398 158 218 662 687 35 448 954 454 603 191 388 271 863 227 499 18 160 17 150 939 469 954 866 427 649 576 734 344 789 713 280 300 464 982 557 296 648 418 939 319 568 75 143 451 855 59 373 448 908 195 347 137 188 612 693 590 751 389 414 627 829 259 219 551 908 924 631 841 326 946 310 498 573 232 643 355 902 174 104 109 894 908 768 914 991 296 542 927 152 320 428 318 288 654 835 389 145 950 573 672 469 217 380 63 865 119 776 919 436 758 643 642 533 365 917 830 615 535 654 526 246 208 703 874 855 577 855 391 353 571 934 22 685 101 12 582 54 958 671 425 328 450 30 486 835 844 929 556 541 311 516 202 784 429 495 167 120 859 95 92 138 371 971 3 558 392 86 118 35 815 551 799 964 578 322 275 934 235 644 413 991 994 401 804 646 735 301 948 188 559 388 525 398 238 339 606 415 873 35 768 368 825 577 386 935 158 126 975 24 193 535 297 862 479 900 140 303 182 713 850 907 186 350 522 923 669 862 240 26 480 610 123 204 196 612 337 272 430 67 514 727 750 777 823 330 46 
31985 30902 31096 31684 31802 31439 29603 30621 32059 31345 
556 736 301 111 704 408 163 315 670 457 357 916 614 60 373 182 129 767 896 178 975 226 404 833 575 340 321 580 425 955 739 473 946 666 630 462 841 2 778 714 855 768 141 847 325 765 10 162 208 981 638 184 124 910 332 634 555 55 396 23 171 310 181 378 600 742 275 601 951 731 166 659 15 230 577 807 420 862 974 991 795 938 792 647 59 991 759 627 328 902 629 510 103 788 73 379 573 783 310 38 700 342 533 681 300 205 855 69 523 311 669 887 130 177 103 110 623 985 69 61 511 331 493 688 307 751 731 797 726 939 813 341 713 335 15 43 335 850 303 288 492 577 626 7 768 693 170 199 304 650 644 258 363 631 924 780 987 221 11 415 19 345 860 357 174 915 242 575 719 793 462 663 152 893 471 614 581 911 868 579 373 665 634 412 254 432 273 281 561 643 781 83 755 271 873 146 670 703 90 63 712 67 555 835 405 178 923 591 723 351 505 178 427 532 72 850 539 892 386 394 778 173 462 0 153 641 470 370 554 141 800 585 345 872 956 560 805 585 222 460 130 236 400 660 637 547 237 406 654 62 
413 494 348 63 799 352 111 889 914 312 153 287 888 424 374 650 711 816 111 774 687 279 191 181 890 484 662 995 718 533 81 879 959 989 678 424 623 986 66 449 458 515 486 726 796 398 624 182 153 272 23 598 392 154 253 691 849 842 414 986 189 41 786 540 227 14 608 125 948 638 256 555 60 673 157 75 495 829 687 438 432 476 101 986 350 733 261 409 956 615 463 265 182 989 616 194 959 842 223 968 551 770 650 952 922 603 222 623 879 770 390 960 485 354 21 581 641 729 143 491 92 355 213 56 862 166 63 27 859 109 303 874 914 633 734 888 903 250 679 125 128 413 79 253 568 96 713 871 597 389 28 91 661 57 832 191 216 113 301 795 103 171 356 671 792 536 560 336 91 549 20 21 893 192 994 111 499 334 422 735 300 995 390 470 198 525 326 794 944 837 922 818 292 616 863 783 814 405 641 555 658 505 64 473 292 465 723 123 713 421 605 554 100 72 664 653 21 676 491 463 71 811 393 896 761 428 793 842 911 609 397 729 483 566 612 543 40 731 575 903 247 839 53 960 667 147 793 557 375 938 
907 158 440 75 936 753 488 475 464 485 254 548 227 888 82 292 717 235 519 937 599 362 998 32 618 944 860 499 231 121 876 938 746 360 46 818 6 24 749 906 104 680 220 122 231 897 782 947 566 733 673 96 589 279 10 976 981 504 635 386 93 470 16 274 418 716 568 160 76 413 458 573 863 885 150 185 117 448 783 820 72 325 82 329 881 842 686 866 461 949 138 492 253 608 240 162 690 255 968 431 815 923 432 844 541 930 90 632 851 868 56 174 669 782 457 171 371 650 719 412 104 906 155 927 578 176 944 105 174 454 791 301 338 113 310 381 30 753 70 237 177 484 114 710 172 514 273 922 198 343 752 488 829 869 294 692 816 264 375 976 216 65 177 704 123 759 986 390 105 235 112 849 767 333 904 365 587 958 483 359 631 504 170 251 764 982 651 488 689 113 479 125 101 653 138 653 518 196 645 761 115 57 30 337 272 571 413 945 907 685 692 787 811 5 778 626 814 611 879 665 921 602 757 806 377 193 599 695 266 540 89 984 332 647 363 956 567 38 400 847 52 827 407 565 518 159 327 797 608 974 
547 669 623 859 509 351 25 264 581 285 802 287 674 733 956 829 902 70 878 900 582 49 156 99 145 303 257 915 684 217 532 601 566 824 606 418 153 701 402 820 770 698 370 378 566 13 385 341 462 91 789 582 683 578 25 95 578 209 99 34 768 187 49 292 163 303 915 856 318 754 168 634 48 478 637 519 990 849 295 913 472 751 553 271 579 190 492 468 570 1 576 147 477 90 997 444 523 866 94 313 497 963 525 666 391 286 94 797 564 249 924 738 241 632 961 661 527 167 913 250 445 921 211 339 779 123 634 716 774 564 236 85 95 233 870 694 336 825 100 997 868 967 443 701 679 131 383 594 6 124 467 515 85 935 173 371 880 853 393 366 232 120 71 411 379 580 326 969 354 293 101 173 244 309 340 285 641 176 308 181 446 180 13 871 423 527 20 826 189 694 559 665 305 806 861 25 890 523 487 712 995 229 833 539 895 112 569 138 149 16 249 370 321 752 323 272 216 396 46 316 986 898 149 75 322 449 268 426 558 914 171 144 18 911 960 303 736 51 388 236 614 50 208 750 16 260 526 389 636 499 
599 627 55 599 472 946 359 87 150 58 885 125 318 647 47 462 572 361 464 533 1 323 581 159 702 251 537 675 970 528 29 430 599 314 877 115 451 494 212 178 251 770 580 80 379 508 748 41 87 658 426 7 904 266 984 726 953 971 875 294 122 792 248 108 153 170 64 720 476 705 478 37 387 960 10 756 824 784 505 976 387 91 573 956 667 424 963 85 906 896 218 989 573 253 265 820 966 934 477 979 421 117 569 590 826 676 691 529 923 803 224 570 59 935 38 719 114 903 579 852 54 599 233 414 576 801 875 989 204 651 234 401 938 438 233 914 160 551 761 733 855 92 885 181 205 401 713 702 16 351 707 314 239 387 809 44 183 35 619 14 169 79 306 307 99 279 455 458 316 852 178 537 558 295 600 884 11 2 54 713 430 903 262 624 992 147 235 443 537 929 541 914 933 275 402 612 189 628 285 398 479 735 851 700 499 596 749 544 198 580 631 543 231 433 498 878 413 617 540 805 207 67 514 627 456 723 214 375 788 94 432 490 267 47 870 550 560 342 840 341 900 147 701 797 674 407 82 788 119 532 
125 557 6 16 952 492 938 949 1000 816 495 852 161 382 570 934 542 964 350 557 70 356 79 616 987 794 337 920 170 581 622 789 499 546 997 750 795 522 42 645 396 392 544 263 227 128 973 743 223 143 612 738 139 611 588 484 932 434 61 491 219 569 866 354 237 631 83 167 771 474 795 638 344 395 670 494 501 940 735 748 120 983 430 497 890 810 588 59 386 650 35 143 164 62 720 641 895 909 829 231 155 605 231 540 389 748 420 931 458 678 327 85 679 564 826 314 865 550 536 375 968 132 892 715 849 454 469 327 625 280 893 622 493 853 24 179 607 825 433 766 365 210 722 891 209 238 9 530 294 898 96 782 171 212 989 587 427 172 415 811 478 192 117 840 59 348 554 323 797 839 824 693 554 697 901 270 670 41 394 136 191 846 610 874 189 904 466 108 85 461 488 437 359 744 351 165 221 973 458 467 506 114 44 585 999 239 775 89 111 281 465 502 987 169 251 432 515 775 510 396 359 75 820 576 0 882 412 34 207 312 731 862 973 825 658 234 974 803 832 225 986 902 337 384 406 171 569 253 868 80 
794 821 961 962 242 337 559 595 576 323 888 627 634 365 85 265 204 595 707 138 131 775 217 750 776 655 662 248 321 391 253 540 118 781 787 721 833 141 983 654 675 718 881 386 229 335 283 589 945 849 833 892 509 56 683 744 588 417 173 750 55 462 749 945 969 916 624 70 973 67 938 194 667 374 776 371 404 876 556 709 293 676 757 361 355 102 595 260 299 485 272 312 271 463 361 855 24 19 298 361 227 528 26 300 536 708 229 720 862 289 753 355 567 704 100 609 503 314 984 371 862 228 624 237 335 166 777 36 113 757 992 609 236 557 772 190 564 533 602 982 818 665 73 194 11 418 240 565 981 646 899 370 118 109 560 160 798 970 241 568 816 240 897 236 618 399 47 597 686 401 431 325 224 243 783 687 117 527 605 36 629 139 704 918 565 48 230 408 820 711 837 213 314 819 735 268 680 639 97 667 138 52 289 583 524 321 233 494 60 348 558 38 432 927 610 600 776 474 259 52 774 357 755 889 706 266 434 200 297 66 162 252 753 927 276 751 365 527 999 573 142 194 678 748 496 683 321 894 632 871 
447 840 413 682 933 47 649 88 50 672 171 202 673 176 811 522 592 398 987 12 414 818 654 469 781 499 216 695 776 703 260 643 967 630 555 52 331 328 206 346 415 187 255 51 536 727 113 206 738 891 435 691 157 985 49 95 71 494 702 802 877 946 736 448 337 801 306 713 360 563 397 815 992 443 365 981 937 344 895 302 890 205 977 32 267 802 747 893 838 413 271 684 290 313 471 47 495 810 84 375 67 376 758 4 906 148 531 145 749 744 365 841 709 112 627 424 213 8 254 289 258 121 205 799 201 766 127 32 293 863 403 379 869 89 359 558 432 644 777 485 280 34 885 104 795 476 806 983 326 579 508 148 455 683 257 817 314 457 989 442 299 450 31 255 905 805 687 597 378 155 405 692 289 933 991 803 508 482 693 728 56 406 511 302 346 760 81 643 231 938 793 958 929 23 809 674 264 76 764 615 166 806 201 415 929 577 162 919 768 133 421 396 695 537 363 941 463 538 789 382 579 498 625 982 515 845 280 308 537 951 635 686 524 121 522 178 24 28 912 312 568 331 425 350 638 303 810 147 39 128 
399 818 164 960 365 949 197 678 500 422 200 968 379 455 967 154 240 212 160 594 365 368 68 554 319 423 348 905 562 471 334 729 886 253 618 217 725 451 372 111 205 976 449 633 240 689 319 863 630 525 927 728 915 454 187 523 599 957 626 54 220 283 86 308 786 659 34 879 227 444 828 209 378 280 366 209 623 292 655 854 14 14 461 204 339 516 84 128 309 493 285 597 250 582 429 322 883 657 125 63 967 544 445 978 745 908 137 850 975 863 364 291 573 995 190 990 700 522 518 58 81 676 112 314 16 30 344 410 464 790 919 983 482 372 627 798 852 182 73 318 934 604 971 7 112 687 761 42 989 978 114 32 888 692 885 79 707 40 752 137 753 866 683 313 59 926 20 793 957 921 264 474 790 818 735 807 573 360 298 338 230 929 746 406 919 823 189 867 635 980 990 92 285 275 762 284 262 693 617 233 740 492 44 753 862 294 731 236 790 351 914 990 508 607 786 816 873 443 338 707 733 412 189 980 803 359 441 426 862 948 662 173 995 67 647 123 275 469 351 617 464 394 152 240 535 817 377 802 668 229 
63 495 314 374 554 583 675 563 661 523 946 544 593 299 898 502 556 385 105 83 112 14 291 108 454 385 337 787 822 782 81 957 52 180 28 483 434 849 520 354 72 806 97 821 635 988 542 451 107 636 284 605 430 349 519 815 420 419 335 549 664 462 751 305 428 769 554 618 25 986 400 591 925 838 361 82 368 894 458 70 21 76 664 522 546 891 202 764 368 607 38 312 49 762 731 155 269 932 359 357 992 734 778 872 748 881 728 821 169 896 217 13 202 837 124 660 745 746 69 489 182 740 935 447 960 339 750 780 946 249 176 595 95 582 157 381 376 759 832 408 481 394 186 550 10 965 884 646 171 676 107 815 606 235 180 494 326 652 960 636 629 373 558 427 897 329 20 959 753 776 483 616 635 623 298 482 636 288 626 559 490 876 811 209 102 557 713 359 157 884 61 775 955 100 569 798 563 767 54 430 154 722 121 170 353 895 736 612 925 409 485 467 78 697 594 461 291 800 919 723 367 16 257 464 986 632 66 632 215 422 515 902 644 926 122 607 832 32 73 66 719 335 357 938 4 516 741 530 228 420 
30973 31581 31235 28912 30487 31725 31109 30926 32013 31139 
