250 5 5
635 1208 782 903 847 598 993 674 554 546 1066 1038 1132 608 1051 680 917 591 1046 1078 796 834 976 826 1085 1267 1188 1095 1362 491 526 607 904 809 624 820 1039 872 543 1260 565 963 1132 1105 1054 1099 753 631 520 950 650 703 731 931 429 455 1011 1112 827 552 1080 701 691 790 468 1239 565 414 1038 933 721 1072 1120 722 733 788 937 969 1197 891 1008 1388 312 1016 863 725 1097 944 773 728 896 658 985 961 1246 806 1147 939 686 473 580 885 1079 882 701 947 723 1031 882 787 757 914 829 821 951 782 978 1225 838 849 1049 1154 1361 950 1256 865 1001 816 881 839 719 895 661 1075 1197 947 844 1206 449 706 837 787 1070 1119 1353 790 731 996 791 889 1281 1078 886 665 885 730 782 812 3 484 538 1100 852 856 1221 799 607 1167 900 927 943 658 1007 780 730 906 566 823 891 881 688 1251 889 1146 1293 1248 540 973 737 644 1048 1072 327 690 769 1016 1186 1057 887 1039 680 935 400 895 674 594 478 887 609 991 550 829 954 1062 653 771 436 869 794 832 632 950 904 1316 977 516 868 674 1170 811 771 846 1406 443 708 1097 1065 1039 984 1189 963 887 664 1348 1549 599 727 631 606 975 
392 713 701 366 7 241 356 252 783 598 822 205 29 817 620 743 857 915 652 574 853 372 130 157 838 756 838 337 285 130 620 531 346 256 206 841 772 826 401 857 35 691 834 693 954 54 207 749 133 853 109 367 503 60 389 759 48 186 230 486 944 829 176 388 711 898 605 166 384 919 72 373 992 281 11 476 59 196 994 880 929 790 953 597 642 938 942 988 407 174 630 710 676 379 480 999 663 736 179 107 145 853 521 34 79 664 681 819 648 218 701 769 723 566 903 832 920 967 652 990 491 751 959 761 512 303 884 828 450 729 88 570 513 286 323 590 255 841 51 424 249 416 543 640 765 798 329 152 672 194 648 195 949 349 16 599 636 902 235 627 160 774 372 273 935 354 391 459 88 443 746 508 774 871 769 309 214 662 940 308 922 148 554 468 499 337 482 392 761 802 878 276 418 166 718 841 547 280 597 415 218 807 269 495 128 983 355 488 463 805 635 870 382 212 26 961 167 483 149 587 749 643 189 783 455 137 927 178 406 304 612 523 821 132 237 786 669 398 773 945 510 43 652 541 989 19 215 723 584 722 
457 538 386 848 271 212 271 552 214 92 22 219 69 743 682 91 914 755 911 551 62 576 661 57 880 536 598 984 538 856 150 390 261 411 215 393 797 755 474 211 140 207 365 600 400 395 120 219 676 755 589 959 455 333 594 766 854 584 520 76 906 361 873 760 226 744 396 271 863 196 512 313 145 819 90 40 764 391 831 988 314 882 127 624 215 599 223 186 688 318 757 581 729 62 834 271 736 655 618 794 132 911 370 762 621 968 309 218 354 467 743 39 965 207 406 634 640 280 603 270 443 648 765 270 981 911 416 228 982 937 951 56 765 171 335 327 999 902 823 295 90 487 696 411 949 244 225 92 752 175 559 906 762 464 686 229 294 915 307 174 341 591 925 171 650 306 71 711 896 613 350 286 924 675 298 313 161 248 839 654 71 443 521 613 235 860 122 98 173 212 571 749 533 127 291 571 474 2 242 18 575 300 604 687 303 78 462 888 914 987 730 225 687 70 227 847 263 909 592 534 546 65 272 298 693 34 489 935 423 309 424 57 878 445 216 547 940 874 243 913 400 668 530 564 878 398 252 465 662 659 
840 976 373 793 618 332 70 776 111 32 174 633 658 500 595 430 506 2 810 830 929 331 690 477 861 912 956 364 940 490 127 902 530 184 645 846 818 228 792 489 742 877 906 207 894 954 94 153 482 899 154 305 952 791 969 572 732 828 267 801 11 115 3 870 782 935 83 31 687 601 402 125 884 806 593 624 622 963 393 252 145 942 172 253 513 36 605 627 144 657 113 827 490 699 746 843 941 789 671 211 113 164 789 540 35 172 172 602 865 936 154 809 413 315 864 288 418 50 310 752 784 526 830 691 703 770 459 237 501 625 657 915 56 564 489 870 306 878 379 454 255 984 922 646 360 60 261 548 13 682 907 36 260 347 788 537 820 489 127 515 416 571 552 728 780 386 918 691 569 381 909 316 265 388 352 564 817 694 820 63 481 179 173 311 941 353 81 29 312 720 78 583 93 76 597 592 622 613 139 554 617 616 27 684 366 59 517 107 536 291 101 458 846 262 691 386 41 23 70 495 492 957 592 320 629 371 831 44 757 629 329 757 696 143 957 950 941 78 833 260 958 10 855 949 669 282 230 43 306 390 
378 87 974 635 292 117 574 705 23 284 897 755 543 338 744 235 954 794 376 228 131 749 977 724 867 648 812 224 902 507 399 37 359 317 448 583 915 40 170 645 973 32 362 942 487 11 384 20 3 792 127 925 357 47 179 393 417 955 285 311 771 50 904 333 162 289 440 571 612 431 344 775 441 136 8 847 511 998 696 105 656 343 24 986 100 834 835 759 816 166 95 95 172 848 629 429 438 467 248 767 184 76 480 232 522 340 300 525 79 269 449 418 888 977 668 162 67 765 441 584 105 401 858 369 698 357 70 30 329 442 311 970 775 501 882 703 969 676 236 665 1 230 865 440 12 813 500 142 376 474 413 716 356 908 726 788 213 240 180 87 476 96 838 452 409 443 614 125 405 304 658 426 803 34 858 666 300 794 31 477 260 568 624 482 136 527 460 713 300 603 62 640 87 971 875 118 525 383 357 754 112 744 477 601 589 810 795 376 55 994 77 424 63 399 865 531 278 922 890 599 120 597 348 514 793 669 776 808 444 543 782 396 936 340 142 381 577 660 196 403 311 843 295 870 544 526 920 61 110 652 
618 143 249 45 518 780 795 916 732 224 830 820 249 109 221 99 475 126 933 897 109 131 897 367 411 639 344 255 493 291 224 103 619 672 374 285 813 599 21 34 239 777 762 158 806 501 809 551 70 669 633 113 199 191 376 180 459 492 215 328 208 219 243 786 173 683 65 323 391 378 198 701 633 40 969 405 957 267 802 118 126 169 607 804 352 303 570 259 774 284 556 3 681 397 984 500 97 71 303 217 870 614 479 958 555 759 755 921 127 815 568 586 147 491 125 746 914 436 568 940 836 112 648 510 449 162 598 479 350 900 187 693 321 282 888 901 715 542 375 810 731 642 973 329 477 202 572 922 148 645 954 383 589 167 419 290 503 169 199 9 123 171 155 992 968 446 336 522 899 468 662 383 337 28 143 549 460 198 283 294 311 699 343 645 657 882 140 528 523 322 161 739 754 283 600 795 795 419 841 405 730 249 96 930 201 35 239 572 121 848 404 565 809 989 312 68 897 16 501 846 109 310 892 909 114 805 257 292 171 600 376 494 600 534 573 946 339 746 380 855 714 688 492 879 508 156 5 661 772 570 
65908 61671 63763 59793 59747 
556 125 736 557 301 6 111 16 704 952 408 492 163 938 315 949 670 1000 457 816 357 495 916 852 614 161 60 382 373 570 182 934 129 542 767 964 896 350 178 557 975 70 226 356 404 79 833 616 575 987 340 794 321 337 580 920 425 170 955 581 739 622 473 789 946 499 666 546 630 997 462 750 841 795 2 522 778 42 714 645 855 396 768 392 141 544 847 263 325 227 765 128 10 973 162 743 208 223 981 143 638 612 184 738 124 139 910 611 332 588 634 484 555 932 55 434 396 61 23 491 171 219 310 569 181 866 378 354 600 237 742 631 275 83 601 167 951 771 731 474 166 795 659 638 15 344 230 395 577 670 807 494 420 501 862 940 974 735 991 748 795 120 938 983 792 430 647 497 59 890 991 810 759 588 627 59 328 386 902 650 629 35 510 143 103 164 788 62 73 720 379 641 573 895 783 909 310 829 38 231 700 155 342 605 533 231 681 540 300 389 205 748 855 420 69 931 523 458 311 678 669 327 887 85 130 679 177 564 103 826 110 314 623 865 985 550 69 536 61 375 511 968 331 132 493 892 688 715 307 849 
413 794 494 821 348 961 63 962 799 242 352 337 111 559 889 595 914 576 312 323 153 888 287 627 888 634 424 365 374 85 650 265 711 204 816 595 111 707 774 138 687 131 279 775 191 217 181 750 890 776 484 655 662 662 995 248 718 321 533 391 81 253 879 540 959 118 989 781 678 787 424 721 623 833 986 141 66 983 449 654 458 675 515 718 486 881 726 386 796 229 398 335 624 283 182 589 153 945 272 849 23 833 598 892 392 509 154 56 253 683 691 744 849 588 842 417 414 173 986 750 189 55 41 462 786 749 540 945 227 969 14 916 608 624 125 70 948 973 638 67 256 938 555 194 60 667 673 374 157 776 75 371 495 404 829 876 687 556 438 709 432 293 476 676 101 757 986 361 350 355 733 102 261 595 409 260 956 299 615 485 463 272 265 312 182 271 989 463 616 361 194 855 959 24 842 19 223 298 968 361 551 227 770 528 650 26 952 300 922 536 603 708 222 229 623 720 879 862 770 289 390 753 960 355 485 567 354 704 21 100 581 609 641 503 729 314 143 984 491 371 92 862 355 228 213 624 56 237 862 335 
907 447 158 840 440 413 75 682 936 933 753 47 488 649 475 88 464 50 485 672 254 171 548 202 227 673 888 176 82 811 292 522 717 592 235 398 519 987 937 12 599 414 362 818 998 654 32 469 618 781 944 499 860 216 499 695 231 776 121 703 876 260 938 643 746 967 360 630 46 555 818 52 6 331 24 328 749 206 906 346 104 415 680 187 220 255 122 51 231 536 897 727 782 113 947 206 566 738 733 891 673 435 96 691 589 157 279 985 10 49 976 95 981 71 504 494 635 702 386 802 93 877 470 946 16 736 274 448 418 337 716 801 568 306 160 713 76 360 413 563 458 397 573 815 863 992 885 443 150 365 185 981 117 937 448 344 783 895 820 302 72 890 325 205 82 977 329 32 881 267 842 802 686 747 866 893 461 838 949 413 138 271 492 684 253 290 608 313 240 471 162 47 690 495 255 810 968 84 431 375 815 67 923 376 432 758 844 4 541 906 930 148 90 531 632 145 851 749 868 744 56 365 174 841 669 709 782 112 457 627 171 424 371 213 650 8 719 254 412 289 104 258 906 121 155 205 927 799 578 201 
547 399 669 818 623 164 859 960 509 365 351 949 25 197 264 678 581 500 285 422 802 200 287 968 674 379 733 455 956 967 829 154 902 240 70 212 878 160 900 594 582 365 49 368 156 68 99 554 145 319 303 423 257 348 915 905 684 562 217 471 532 334 601 729 566 886 824 253 606 618 418 217 153 725 701 451 402 372 820 111 770 205 698 976 370 449 378 633 566 240 13 689 385 319 341 863 462 630 91 525 789 927 582 728 683 915 578 454 25 187 95 523 578 599 209 957 99 626 34 54 768 220 187 283 49 86 292 308 163 786 303 659 915 34 856 879 318 227 754 444 168 828 634 209 48 378 478 280 637 366 519 209 990 623 849 292 295 655 913 854 472 14 751 14 553 461 271 204 579 339 190 516 492 84 468 128 570 309 1 493 576 285 147 597 477 250 90 582 997 429 444 322 523 883 866 657 94 125 313 63 497 967 963 544 525 445 666 978 391 745 286 908 94 137 797 850 564 975 249 863 924 364 738 291 241 573 632 995 961 190 661 990 527 700 167 522 913 518 250 58 445 81 921 676 211 112 339 314 779 16 
599 63 627 495 55 314 599 374 472 554 946 583 359 675 87 563 150 661 58 523 885 946 125 544 318 593 647 299 47 898 462 502 572 556 361 385 464 105 533 83 1 112 323 14 581 291 159 108 702 454 251 385 537 337 675 787 970 822 528 782 29 81 430 957 599 52 314 180 877 28 115 483 451 434 494 849 212 520 178 354 251 72 770 806 580 97 80 821 379 635 508 988 748 542 41 451 87 107 658 636 426 284 7 605 904 430 266 349 984 519 726 815 953 420 971 419 875 335 294 549 122 664 792 462 248 751 108 305 153 428 170 769 64 554 720 618 476 25 705 986 478 400 37 591 387 925 960 838 10 361 756 82 824 368 784 894 505 458 976 70 387 21 91 76 573 664 956 522 667 546 424 891 963 202 85 764 906 368 896 607 218 38 989 312 573 49 253 762 265 731 820 155 966 269 934 932 477 359 979 357 421 992 117 734 569 778 590 872 826 748 676 881 691 728 529 821 923 169 803 896 224 217 570 13 59 202 935 837 38 124 719 660 114 745 903 746 579 69 852 489 54 182 599 740 233 935 414 447 576 960 
64211 64080 61961 60409 61898 
