250 5 2
-53 341 368 -113 368 -33 279 399 -47 313 354 579 633 -103 234 -11 -104 -46 639 334 550 320 -4 156 -16 208 428 251 164 200 432 317 343 492 -132 -23 121 560 508 586 -17 804 244 -5 242 379 180 -13 -87 -43 635 280 -228 316 -41 -35 354 313 -76 221 399 -7 194 357 -290 749 381 285 -41 -81 496 -311 -92 -84 535 182 326 415 340 -115 248 354 -24 414 502 215 -184 413 346 447 199 534 476 -79 763 170 402 -112 101 484 414 151 500 -102 298 537 276 595 385 216 322 165 133 109 334 233 519 417 376 328 480 721 174 293 371 -248 -83 441 -1 337 396 -92 177 360 184 509 -219 -293 -66 172 621 -184 208 112 500 91 -131 341 386 -139 -56 434 591 274 -11 -81 152 -81 -85 -170 -21 309 -47 -469 153 174 230 281 924 515 -214 213 795 172 181 758 280 820 -31 -69 253 543 418 497 452 255 -428 466 639 472 376 286 261 458 -50 242 567 290 264 414 383 675 -22 -173 349 567 198 144 245 151 338 -164 214 231 550 -55 -99 238 147 331 417 587 -5 435 -84 179 621 402 905 588 604 353 -108 -271 -301 310 658 -117 805 296 522 112 238 856 573 -194 376 185 134 -57 
440 438 667 909 758 316 356 753 915 725 515 1000 177 370 418 562 452 288 121 972 555 905 241 268 743 256 366 220 285 526 642 770 523 487 537 558 413 579 377 496 469 382 277 796 811 607 77 72 594 969 40 903 55 459 621 293 495 55 996 225 96 253 567 601 179 749 991 849 396 527 105 705 794 258 957 473 500 614 602 22 890 987 283 505 743 998 287 180 727 606 268 580 932 794 913 964 185 729 462 391 403 455 708 164 34 786 764 327 667 752 920 860 963 278 875 874 811 57 274 776 654 693 63 683 795 670 90 683 83 98 798 769 50 139 316 249 942 102 553 166 120 164 688 554 813 251 184 546 371 188 108 291 796 803 677 984 373 649 304 942 259 233 726 237 714 676 855 231 340 508 526 238 964 547 362 503 744 946 298 569 992 496 46 988 514 288 286 65 808 586 723 285 936 837 87 100 153 177 214 672 590 942 65 767 149 612 894 397 597 569 344 199 697 405 912 258 470 669 177 791 470 353 316 848 642 622 137 871 889 306 312 26 428 508 898 488 621 159 963 283 586 499 172 435 662 817 489 391 402 170 
519 234 110 374 779 358 209 629 243 500 825 48 102 343 588 13 635 347 779 237 50 873 465 277 435 255 823 727 826 425 117 645 896 442 472 323 840 673 78 906 422 452 322 635 496 29 183 130 66 495 943 678 362 630 825 617 208 73 500 908 235 601 263 353 3 975 988 725 955 472 991 59 34 167 730 82 438 549 630 465 791 827 889 632 372 452 26 863 209 819 238 387 59 680 256 251 185 65 778 822 843 794 998 707 623 293 555 957 135 800 416 565 132 217 850 38 816 57 341 830 271 395 36 505 603 852 121 933 362 456 651 478 24 809 218 327 76 454 988 917 292 428 333 836 447 511 208 77 462 759 273 430 873 683 582 160 971 598 720 695 173 100 637 36 212 739 379 801 930 786 445 561 876 282 13 390 280 534 341 23 269 228 469 280 840 1 484 32 762 526 455 928 835 693 690 624 685 169 746 481 368 864 798 346 121 498 161 508 825 86 312 932 766 497 811 931 412 950 574 48 306 836 565 264 212 138 449 459 452 580 885 814 687 242 71 279 753 340 15 101 384 944 873 107 209 423 90 800 245 570 
373 224 496 88 826 432 280 85 11 236 16 274 742 720 63 983 745 81 996 664 193 17 374 858 697 172 885 756 635 238 34 646 855 593 423 434 623 631 430 389 694 507 914 380 28 752 552 822 291 327 876 918 78 505 858 325 214 72 811 73 540 766 196 936 150 738 973 154 642 694 935 649 972 306 178 154 63 630 625 777 565 377 375 678 662 749 317 513 474 462 35 774 815 71 258 409 145 27 531 352 645 388 410 443 772 214 104 980 703 240 867 70 879 608 509 343 242 331 575 406 284 855 100 923 235 241 94 544 112 846 745 724 231 346 656 553 246 905 483 530 645 641 974 135 305 179 328 675 416 238 336 356 604 778 47 640 648 533 222 495 316 896 758 93 536 903 817 508 698 994 140 140 656 286 57 378 764 803 70 561 394 387 951 298 618 544 716 405 206 371 346 461 708 899 979 645 536 331 453 813 656 490 394 202 575 801 341 488 702 511 776 944 919 869 421 74 431 248 906 58 438 577 748 546 391 662 79 618 280 535 467 946 105 112 527 235 549 514 930 825 953 816 285 898 575 169 858 267 138 538 
219 798 639 682 354 134 463 706 460 918 119 818 412 596 412 669 921 353 559 848 111 493 340 549 94 621 250 177 253 205 219 615 444 651 944 843 972 816 940 407 88 967 13 421 256 195 473 984 384 27 894 699 213 573 840 94 803 835 441 717 479 191 378 927 712 768 563 622 60 394 60 387 123 391 922 519 310 151 336 666 294 320 683 828 284 351 419 852 204 458 410 780 56 203 775 9 877 124 776 515 184 946 985 824 527 564 950 385 767 848 969 642 217 890 589 698 947 627 199 775 888 699 31 526 151 31 258 645 524 593 933 185 329 690 329 446 986 295 505 298 467 646 101 320 290 519 116 942 243 411 291 829 176 126 711 980 509 372 596 171 37 333 924 464 54 424 398 996 989 448 764 867 897 881 843 965 376 817 376 55 92 686 191 73 419 436 235 405 826 435 316 477 527 169 12 585 872 853 183 538 983 15 46 403 658 97 531 88 604 518 481 237 758 412 155 40 467 379 153 162 373 634 794 232 139 750 996 411 871 657 901 385 217 812 671 386 462 117 957 754 366 951 152 857 688 293 823 588 430 604 
859 82 607 130 702 894 512 314 983 815 787 797 686 169 667 15 103 465 972 671 833 578 549 269 948 683 675 704 596 125 916 351 816 861 560 291 96 934 784 462 450 228 771 671 364 304 572 928 575 151 894 766 96 425 307 286 965 650 694 839 257 74 799 451 792 132 680 997 721 681 121 154 415 555 320 120 750 225 438 679 389 197 649 385 832 478 53 339 603 94 531 24 582 411 445 330 395 695 294 800 80 175 419 174 196 99 809 800 812 449 30 756 691 450 240 186 123 474 702 196 406 520 920 637 267 129 22 539 73 517 379 764 293 774 376 970 955 332 32 271 206 746 847 239 696 230 81 639 968 164 428 913 919 135 941 724 464 540 892 454 275 966 22 697 240 160 414 278 923 895 891 605 813 668 951 567 692 722 933 585 823 84 672 674 292 780 323 847 246 738 749 810 591 579 424 79 953 261 454 194 405 828 170 81 967 86 831 774 735 46 972 449 65 91 370 790 215 926 907 772 676 838 714 473 151 59 969 670 921 788 215 710 7 105 303 957 390 888 543 786 26 489 253 557 60 288 721 631 983 517 
31976 30032 31070 31376 32346 
556 125 736 557 301 6 111 16 704 952 408 492 163 938 315 949 670 1000 457 816 357 495 916 852 614 161 60 382 373 570 182 934 129 542 767 964 896 350 178 557 975 70 226 356 404 79 833 616 575 987 340 794 321 337 580 920 425 170 955 581 739 622 473 789 946 499 666 546 630 997 462 750 841 795 2 522 778 42 714 645 855 396 768 392 141 544 847 263 325 227 765 128 10 973 162 743 208 223 981 143 638 612 184 738 124 139 910 611 332 588 634 484 555 932 55 434 396 61 23 491 171 219 310 569 181 866 378 354 600 237 742 631 275 83 601 167 951 771 731 474 166 795 659 638 15 344 230 395 577 670 807 494 420 501 862 940 974 735 991 748 795 120 938 983 792 430 647 497 59 890 991 810 759 588 627 59 328 386 902 650 629 35 510 143 103 164 788 62 73 720 379 641 573 895 783 909 310 829 38 231 700 155 342 605 533 231 681 540 300 389 205 748 855 420 69 931 523 458 311 678 669 327 887 85 130 679 177 564 103 826 110 314 623 865 985 550 69 536 61 375 511 968 331 132 493 892 688 715 307 849 
413 794 494 821 348 961 63 962 799 242 352 337 111 559 889 595 914 576 312 323 153 888 287 627 888 634 424 365 374 85 650 265 711 204 816 595 111 707 774 138 687 131 279 775 191 217 181 750 890 776 484 655 662 662 995 248 718 321 533 391 81 253 879 540 959 118 989 781 678 787 424 721 623 833 986 141 66 983 449 654 458 675 515 718 486 881 726 386 796 229 398 335 624 283 182 589 153 945 272 849 23 833 598 892 392 509 154 56 253 683 691 744 849 588 842 417 414 173 986 750 189 55 41 462 786 749 540 945 227 969 14 916 608 624 125 70 948 973 638 67 256 938 555 194 60 667 673 374 157 776 75 371 495 404 829 876 687 556 438 709 432 293 476 676 101 757 986 361 350 355 733 102 261 595 409 260 956 299 615 485 463 272 265 312 182 271 989 463 616 361 194 855 959 24 842 19 223 298 968 361 551 227 770 528 650 26 952 300 922 536 603 708 222 229 623 720 879 862 770 289 390 753 960 355 485 567 354 704 21 100 581 609 641 503 729 314 143 984 491 371 92 862 355 228 213 624 56 237 862 335 
32105 32040 
