250 5 5
-84 284 -147 -334 508 -41 695 -20 -173 -220 -95 288 459 374 617 357 -47 491 335 -19 -19 571 518 -19 -98 -22 -84 458 -10 -209 -10 252 -20 -169 624 377 356 265 319 466 401 717 648 -15 332 805 355 -14 292 -103 433 -41 -205 333 -159 -48 -193 -189 -195 -79 -92 548 -92 -55 -64 385 -62 575 -82 -47 -29 -1 -67 332 331 339 342 -54 -63 -24 -148 -134 -165 -98 382 403 -228 483 338 650 -156 -225 -14 441 434 240 455 446 -162 -135 318 291 -133 -293 -130 356 -162 489 674 -169 261 -14 -196 -233 -26 -48 -49 -134 -101 376 -19 763 550 -170 618 -156 -132 -21 727 285 533 -2 488 592 -152 502 -67 418 -229 257 -29 269 372 -223 516 -97 -24 -29 546 424 276 441 -65 -133 -148 357 -53 -174 -86 -24 -103 376 -143 313 487 369 369 620 422 404 460 -75 -59 392 618 552 -19 529 -206 -32 338 567 400 -69 488 705 596 -203 573 405 436 408 -402 -4 -98 303 592 468 -76 777 -38 -336 -188 418 388 371 428 240 -162 335 386 -234 697 -160 -138 -352 395 332 -44 -228 -235 851 -44 641 392 -27 -102 493 247 768 -7 -160 581 510 -11 -49 508 237 445 657 321 -123 408 -18 656 -14 -71 467 -173 -37 
655 765 267 869 161 830 517 796 267 715 888 478 263 946 522 931 923 852 329 26 416 541 804 693 472 844 162 239 426 926 422 175 501 563 624 777 502 893 770 608 434 564 903 621 969 675 867 22 232 544 906 72 181 823 482 34 377 395 56 31 112 49 860 689 143 628 467 718 929 1000 648 148 546 383 482 459 8 53 43 175 268 124 190 210 77 127 222 403 647 848 6 457 501 447 61 94 636 265 533 707 243 612 840 280 675 980 177 272 946 951 307 421 624 176 588 329 246 6 728 576 202 978 85 518 659 539 449 20 876 177 902 970 930 675 65 691 661 793 886 316 273 257 483 922 194 755 158 293 754 867 431 921 106 193 549 727 33 218 946 389 527 701 70 242 704 221 236 967 721 969 687 358 236 412 818 660 252 549 66 175 656 367 564 702 423 838 765 802 599 702 966 15 397 644 412 466 428 65 833 747 838 49 4 840 467 639 665 981 69 415 664 253 695 945 551 6 593 889 750 208 181 991 190 772 831 446 953 796 422 807 831 334 372 979 911 944 55 715 568 587 61 144 346 88 770 361 151 515 361 256 
864 385 132 100 329 658 475 716 61 359 230 832 704 322 683 871 358 368 542 663 102 775 644 929 990 680 534 393 85 267 542 790 651 213 722 597 825 34 819 461 519 562 549 307 418 429 44 772 178 246 930 596 340 202 379 361 284 237 29 598 337 664 488 968 998 84 377 603 148 852 422 626 224 486 833 185 741 737 189 362 618 460 906 409 386 114 56 968 334 14 285 90 386 696 927 440 210 133 280 789 730 425 148 322 488 188 156 505 402 148 536 258 503 328 78 478 71 352 381 679 122 405 488 532 513 484 123 254 934 402 535 308 340 887 470 294 430 2 349 787 161 696 964 243 73 219 511 804 260 652 289 590 513 617 813 837 958 205 413 929 235 514 167 399 170 503 626 989 660 169 628 104 42 771 265 502 448 637 259 99 545 38 628 196 482 994 357 4 760 929 972 81 289 461 422 854 980 129 698 488 823 209 738 848 564 590 1000 386 627 902 764 929 550 430 479 697 654 927 902 282 689 785 512 799 688 514 6 946 25 981 373 806 522 618 269 425 512 729 799 648 491 6 921 113 930 108 64 926 69 18 
458 238 775 29 353 267 831 691 774 35 58 866 107 359 931 564 343 262 166 356 136 975 567 917 618 16 534 407 377 114 111 73 184 456 546 45 119 907 839 446 574 264 327 186 197 732 643 31 999 636 69 767 786 223 497 115 127 792 9 561 17 965 275 878 464 841 331 505 739 10 176 980 407 793 344 468 9 676 361 371 429 542 799 850 365 649 799 520 712 609 269 625 352 280 10 727 138 777 186 745 747 29 185 470 31 335 420 831 985 344 975 520 585 57 889 85 793 909 409 796 558 490 720 246 895 563 339 357 734 502 663 157 449 358 91 298 56 153 827 221 636 823 179 550 572 279 678 544 295 361 377 583 304 939 266 970 156 717 704 248 933 507 577 29 524 789 766 361 385 296 871 476 546 602 853 580 717 856 228 194 469 232 861 496 510 245 845 163 25 582 887 856 174 829 777 936 189 513 193 763 538 59 582 262 836 104 759 172 500 987 404 293 685 215 438 129 728 551 887 787 925 631 320 846 49 295 607 120 730 426 773 816 795 826 25 601 1000 849 767 860 161 888 261 760 382 872 563 281 662 714 
552 928 352 271 621 392 374 278 138 644 277 57 250 576 821 534 527 879 72 366 629 158 324 792 424 802 608 699 37 31 241 909 570 731 642 311 444 879 653 940 11 931 260 101 15 843 270 598 914 534 155 47 747 552 837 786 245 293 948 591 844 364 80 865 395 5 436 494 165 130 543 457 58 231 417 423 877 625 488 755 272 671 193 682 167 812 5 207 340 927 824 380 79 545 483 93 979 844 444 196 506 19 459 323 910 686 860 54 452 138 738 292 185 218 666 770 281 72 51 406 356 994 966 67 719 812 442 889 540 9 452 730 529 89 737 821 696 265 467 427 76 110 508 514 734 695 662 668 899 821 423 823 134 140 941 283 852 846 405 566 556 316 315 575 19 628 633 13 808 529 192 909 660 477 207 276 567 982 806 210 707 916 721 147 82 374 621 829 982 72 45 756 4 709 729 612 567 667 395 979 134 164 593 268 997 150 697 987 524 319 329 860 738 491 769 154 871 528 183 208 260 888 416 873 659 188 159 889 182 680 423 119 825 451 1000 441 294 19 68 70 476 538 999 249 207 659 848 99 134 330 
177 557 647 207 568 119 490 185 443 620 520 882 342 386 298 262 885 763 873 714 791 965 560 831 424 409 443 508 925 326 767 332 925 411 823 845 468 246 33 884 959 423 813 232 463 212 464 829 718 507 700 77 98 737 408 982 748 309 654 334 888 428 233 678 586 778 811 666 77 21 784 668 922 618 476 667 786 116 501 744 812 112 855 922 374 393 684 366 260 317 160 176 849 84 189 872 624 995 980 973 969 997 38 211 84 388 806 796 999 170 78 423 552 883 68 42 457 30 11 489 247 735 696 284 608 454 555 546 879 638 418 48 482 813 52 544 574 853 210 505 783 927 902 178 929 363 177 974 645 527 581 446 837 733 647 417 654 555 819 388 424 913 20 146 638 589 882 826 54 302 746 659 432 26 939 376 703 960 438 228 921 549 548 156 230 719 973 543 930 883 892 214 474 199 331 267 615 766 79 811 262 191 579 330 772 124 350 747 706 251 221 757 957 311 94 204 466 964 817 69 67 485 255 967 548 37 79 618 581 335 924 305 237 606 528 567 778 196 399 914 147 212 540 793 881 278 900 695 889 141 
31492 30295 30997 30350 32889 
556 125 736 557 301 6 111 16 704 952 408 492 163 938 315 949 670 1000 457 816 357 495 916 852 614 161 60 382 373 570 182 934 129 542 767 964 896 350 178 557 975 70 226 356 404 79 833 616 575 987 340 794 321 337 580 920 425 170 955 581 739 622 473 789 946 499 666 546 630 997 462 750 841 795 2 522 778 42 714 645 855 396 768 392 141 544 847 263 325 227 765 128 10 973 162 743 208 223 981 143 638 612 184 738 124 139 910 611 332 588 634 484 555 932 55 434 396 61 23 491 171 219 310 569 181 866 378 354 600 237 742 631 275 83 601 167 951 771 731 474 166 795 659 638 15 344 230 395 577 670 807 494 420 501 862 940 974 735 991 748 795 120 938 983 792 430 647 497 59 890 991 810 759 588 627 59 328 386 902 650 629 35 510 143 103 164 788 62 73 720 379 641 573 895 783 909 310 829 38 231 700 155 342 605 533 231 681 540 300 389 205 748 855 420 69 931 523 458 311 678 669 327 887 85 130 679 177 564 103 826 110 314 623 865 985 550 69 536 61 375 511 968 331 132 493 892 688 715 307 849 
413 794 494 821 348 961 63 962 799 242 352 337 111 559 889 595 914 576 312 323 153 888 287 627 888 634 424 365 374 85 650 265 711 204 816 595 111 707 774 138 687 131 279 775 191 217 181 750 890 776 484 655 662 662 995 248 718 321 533 391 81 253 879 540 959 118 989 781 678 787 424 721 623 833 986 141 66 983 449 654 458 675 515 718 486 881 726 386 796 229 398 335 624 283 182 589 153 945 272 849 23 833 598 892 392 509 154 56 253 683 691 744 849 588 842 417 414 173 986 750 189 55 41 462 786 749 540 945 227 969 14 916 608 624 125 70 948 973 638 67 256 938 555 194 60 667 673 374 157 776 75 371 495 404 829 876 687 556 438 709 432 293 476 676 101 757 986 361 350 355 733 102 261 595 409 260 956 299 615 485 463 272 265 312 182 271 989 463 616 361 194 855 959 24 842 19 223 298 968 361 551 227 770 528 650 26 952 300 922 536 603 708 222 229 623 720 879 862 770 289 390 753 960 355 485 567 354 704 21 100 581 609 641 503 729 314 143 984 491 371 92 862 355 228 213 624 56 237 862 335 
907 447 158 840 440 413 75 682 936 933 753 47 488 649 475 88 464 50 485 672 254 171 548 202 227 673 888 176 82 811 292 522 717 592 235 398 519 987 937 12 599 414 362 818 998 654 32 469 618 781 944 499 860 216 499 695 231 776 121 703 876 260 938 643 746 967 360 630 46 555 818 52 6 331 24 328 749 206 906 346 104 415 680 187 220 255 122 51 231 536 897 727 782 113 947 206 566 738 733 891 673 435 96 691 589 157 279 985 10 49 976 95 981 71 504 494 635 702 386 802 93 877 470 946 16 736 274 448 418 337 716 801 568 306 160 713 76 360 413 563 458 397 573 815 863 992 885 443 150 365 185 981 117 937 448 344 783 895 820 302 72 890 325 205 82 977 329 32 881 267 842 802 686 747 866 893 461 838 949 413 138 271 492 684 253 290 608 313 240 471 162 47 690 495 255 810 968 84 431 375 815 67 923 376 432 758 844 4 541 906 930 148 90 531 632 145 851 749 868 744 56 365 174 841 669 709 782 112 457 627 171 424 371 213 650 8 719 254 412 289 104 258 906 121 155 205 927 799 578 201 
547 399 669 818 623 164 859 960 509 365 351 949 25 197 264 678 581 500 285 422 802 200 287 968 674 379 733 455 956 967 829 154 902 240 70 212 878 160 900 594 582 365 49 368 156 68 99 554 145 319 303 423 257 348 915 905 684 562 217 471 532 334 601 729 566 886 824 253 606 618 418 217 153 725 701 451 402 372 820 111 770 205 698 976 370 449 378 633 566 240 13 689 385 319 341 863 462 630 91 525 789 927 582 728 683 915 578 454 25 187 95 523 578 599 209 957 99 626 34 54 768 220 187 283 49 86 292 308 163 786 303 659 915 34 856 879 318 227 754 444 168 828 634 209 48 378 478 280 637 366 519 209 990 623 849 292 295 655 913 854 472 14 751 14 553 461 271 204 579 339 190 516 492 84 468 128 570 309 1 493 576 285 147 597 477 250 90 582 997 429 444 322 523 883 866 657 94 125 313 63 497 967 963 544 525 445 666 978 391 745 286 908 94 137 797 850 564 975 249 863 924 364 738 291 241 573 632 995 961 190 661 990 527 700 167 522 913 518 250 58 445 81 921 676 211 112 339 314 779 16 
599 63 627 495 55 314 599 374 472 554 946 583 359 675 87 563 150 661 58 523 885 946 125 544 318 593 647 299 47 898 462 502 572 556 361 385 464 105 533 83 1 112 323 14 581 291 159 108 702 454 251 385 537 337 675 787 970 822 528 782 29 81 430 957 599 52 314 180 877 28 115 483 451 434 494 849 212 520 178 354 251 72 770 806 580 97 80 821 379 635 508 988 748 542 41 451 87 107 658 636 426 284 7 605 904 430 266 349 984 519 726 815 953 420 971 419 875 335 294 549 122 664 792 462 248 751 108 305 153 428 170 769 64 554 720 618 476 25 705 986 478 400 37 591 387 925 960 838 10 361 756 82 824 368 784 894 505 458 976 70 387 21 91 76 573 664 956 522 667 546 424 891 963 202 85 764 906 368 896 607 218 38 989 312 573 49 253 762 265 731 820 155 966 269 934 932 477 359 979 357 421 992 117 734 569 778 590 872 826 748 676 881 691 728 529 821 923 169 803 896 224 217 570 13 59 202 935 837 38 124 719 660 114 745 903 746 579 69 852 489 54 182 599 740 233 935 414 447 576 960 
32105 32040 30980 30204 30949 
