250 10 5
-60 333 648 261 -141 -96 193 483 367 431 468 544 293 193 450 362 -22 514 -4 -58 357 549 237 728 186 -120 -37 -5 -188 242 463 196 -112 -4 -132 430 -7 450 396 403 403 -16 -2 -20 243 203 307 -59 351 392 284 381 212 339 316 -73 -15 231 -71 317 789 216 662 545 438 530 426 361 -182 -58 596 -3 384 252 671 256 242 205 212 -278 343 389 -98 362 293 -22 190 282 417 -39 632 203 399 -71 422 509 -19 -247 286 421 -9 -48 305 -5 -170 466 385 -32 -227 -90 371 -74 386 -83 394 -16 427 -73 452 517 331 -77 471 -1 476 353 -103 560 357 414 -146 209 291 218 203 -170 235 -172 500 -148 490 -2 -72 382 -68 423 -91 -144 394 -11 -71 414 359 -11 -22 298 263 -4 191 -118 748 384 229 -19 630 -149 460 -124 506 322 315 278 423 346 -128 357 484 425 319 203 459 -76 516 366 -142 -57 182 265 371 311 -69 341 422 435 316 429 -51 450 472 206 313 303 430 -103 299 419 221 246 -160 341 278 -153 -72 361 353 199 241 -35 -94 415 391 458 340 197 -145 381 319 386 -156 490 603 213 386 -252 -342 222 185 510 281 191 489 426 295 -179 316 469 -43 -46 509 -155 
170 119 520 378 912 463 824 587 660 41 473 852 553 804 282 170 941 221 62 260 209 515 335 894 11 382 75 531 550 389 248 303 661 546 174 800 601 535 353 608 608 413 651 859 1 736 155 904 33 307 792 761 696 244 180 907 600 976 208 533 699 21 564 816 97 202 547 579 827 959 103 19 195 547 786 60 576 161 424 763 971 938 901 487 891 425 906 739 864 753 359 132 850 183 519 27 919 518 359 969 14 22 700 485 478 964 974 56 918 817 993 275 395 66 365 885 227 210 667 822 444 977 727 738 35 554 163 846 270 807 145 916 601 46 126 743 377 368 824 902 681 398 589 40 648 594 441 395 151 14 277 428 75 255 23 750 535 615 207 331 927 493 347 820 276 309 495 832 282 575 846 574 75 96 302 730 242 3 55 377 895 54 378 670 734 612 401 720 485 573 882 769 601 647 683 767 584 891 509 168 220 280 601 736 92 673 811 322 322 957 416 184 12 505 968 194 27 416 755 960 502 669 550 592 404 991 779 839 84 370 697 167 612 60 321 276 507 79 691 399 967 695 172 550 70 576 640 722 965 450 
959 167 753 871 697 1 385 586 305 498 584 816 716 622 820 371 517 235 880 298 808 313 426 875 947 205 419 971 114 349 490 379 859 259 959 411 405 34 224 683 143 666 749 566 580 628 604 84 375 644 92 348 920 792 346 798 108 796 734 658 935 172 946 979 281 846 623 320 808 573 768 336 147 486 723 219 362 816 659 417 358 222 39 971 380 101 775 883 233 660 164 100 5 893 614 905 23 223 802 591 708 33 569 322 614 791 737 872 566 428 81 463 602 612 631 176 365 574 466 424 409 123 487 26 821 290 405 998 862 678 567 480 495 670 812 760 352 563 271 653 216 776 367 737 754 907 639 2 713 389 571 598 395 899 423 964 7 673 167 906 550 116 542 274 850 813 80 116 145 316 126 649 232 474 716 93 208 892 540 450 785 257 873 228 1 690 315 865 10 964 149 229 815 967 368 990 885 92 661 804 521 177 349 518 358 212 193 340 259 576 904 552 373 498 628 20 170 122 219 18 408 387 303 142 361 281 772 444 536 981 708 584 680 498 845 874 465 748 565 325 18 886 83 140 557 968 189 788 661 275 
816 671 600 236 675 238 636 865 731 643 795 255 845 329 334 87 997 365 19 916 233 82 270 974 676 469 313 364 379 532 907 915 498 103 346 881 20 756 528 679 772 164 86 530 327 863 939 441 509 904 843 388 300 288 776 376 907 364 441 221 655 62 85 267 743 323 765 760 23 513 205 908 208 311 121 958 42 586 391 510 102 131 352 602 502 970 38 621 945 145 333 610 408 136 577 244 49 139 571 387 7 277 739 654 902 419 508 68 119 777 330 400 280 718 788 143 744 798 305 691 45 395 277 677 430 858 280 445 696 87 602 577 457 624 249 15 734 554 910 386 549 365 371 974 402 832 53 828 97 93 497 260 16 659 384 638 914 214 530 694 515 966 756 987 263 81 529 470 137 41 121 818 493 694 108 248 772 674 341 616 802 287 815 151 913 816 360 315 988 602 175 967 891 609 823 343 249 521 649 723 862 243 292 571 510 452 340 927 550 404 738 771 498 459 897 180 881 708 267 70 946 767 271 465 223 39 653 911 174 464 355 702 142 14 166 158 864 438 146 705 914 749 925 93 530 802 128 84 543 669 
299 334 719 868 82 843 463 385 988 330 662 541 133 720 296 939 81 697 220 636 511 432 821 398 175 991 105 924 635 821 379 836 702 843 704 946 616 676 348 431 397 8 274 33 985 79 893 402 731 78 874 144 468 411 785 303 350 944 368 776 756 41 582 304 86 941 399 617 625 230 629 297 576 193 505 636 349 5 588 514 174 795 592 936 951 402 334 216 443 199 629 727 266 543 199 970 721 276 772 216 837 993 915 830 277 973 716 854 642 945 518 188 288 418 241 869 945 853 83 80 270 382 371 257 989 119 63 458 632 569 654 657 652 139 757 143 148 973 738 142 24 267 674 527 82 51 154 679 106 901 128 639 543 189 704 494 420 249 485 423 276 843 813 730 749 534 99 76 429 424 267 300 632 564 528 205 924 404 302 517 603 137 654 903 262 82 444 677 569 102 634 19 163 962 722 411 18 496 830 36 184 326 704 778 40 810 105 852 6 262 586 344 810 608 324 606 323 903 808 695 883 300 925 891 166 862 181 253 89 499 694 856 605 823 313 134 105 743 516 669 880 178 544 607 312 516 427 285 981 258 
411 315 321 621 326 722 53 15 996 224 804 543 682 472 476 291 597 113 123 18 586 47 458 79 648 28 741 821 194 668 550 133 573 186 284 600 590 918 112 270 306 636 745 242 874 11 708 251 156 267 133 979 994 179 476 197 305 813 864 865 481 818 237 816 711 372 453 926 789 688 63 9 716 752 169 205 831 866 271 758 759 99 153 194 437 985 334 837 787 210 731 218 625 224 305 361 713 745 178 509 242 200 914 922 4 413 149 193 432 229 259 708 645 458 406 384 858 184 720 605 71 421 597 671 282 477 684 969 866 128 324 415 821 421 568 304 810 107 659 725 109 484 130 765 918 839 628 492 57 457 682 183 764 988 230 632 122 595 588 377 858 458 195 930 950 48 523 523 709 201 188 473 543 814 162 505 852 620 226 918 83 284 163 90 179 335 301 37 140 624 899 624 314 783 375 568 71 41 330 948 981 944 432 798 502 436 765 737 884 287 658 982 768 873 165 918 259 304 300 206 341 412 15 358 257 566 120 225 173 391 972 626 3 232 63 514 1 757 169 875 392 976 282 692 30 695 815 795 884 845 
617 220 288 1 537 763 880 616 966 787 802 51 723 68 390 841 265 895 376 754 735 177 383 241 740 280 40 487 64 457 567 559 158 774 786 229 818 632 774 925 121 831 518 773 981 700 87 426 662 667 980 363 416 666 802 976 878 435 979 248 761 945 756 621 33 323 501 201 640 523 467 828 537 86 432 804 740 178 277 756 854 713 716 552 522 743 224 957 753 228 889 476 43 370 65 928 867 246 345 980 612 374 888 542 678 39 208 657 350 68 776 14 184 134 273 320 190 342 466 610 934 491 290 929 708 916 281 184 956 372 780 199 166 656 133 931 448 330 759 572 524 940 33 729 974 491 122 628 452 241 903 237 427 208 21 863 613 71 817 277 877 686 289 218 630 914 464 507 494 824 316 589 30 432 736 613 751 265 288 468 628 750 152 791 521 588 706 568 511 163 796 206 876 701 670 124 388 530 316 893 906 303 895 707 301 330 436 722 554 391 578 95 702 559 228 799 408 525 754 290 208 593 735 852 250 776 507 575 720 194 518 594 50 9 65 495 591 649 85 759 97 261 584 262 249 124 547 511 560 837 
356 613 641 63 788 974 199 567 400 185 730 896 73 993 736 869 410 712 981 14 572 309 370 955 451 217 903 739 926 980 657 563 25 547 338 119 347 214 203 578 503 370 881 238 378 891 282 267 297 688 447 887 720 68 807 473 570 7 191 774 116 681 123 199 752 434 187 840 131 626 414 74 517 739 999 891 307 664 914 43 182 708 789 270 218 147 582 40 958 641 464 667 806 732 822 161 618 43 435 683 564 610 31 5 932 4 498 528 828 640 438 189 234 95 934 234 225 771 616 334 574 159 972 700 547 830 361 554 486 709 388 870 7 216 928 245 251 533 620 731 843 722 31 690 244 431 868 459 533 580 502 957 467 633 250 152 596 623 862 937 4 33 13 235 683 138 720 121 531 29 267 622 195 463 685 217 485 797 238 393 567 789 878 964 468 558 729 216 608 102 884 93 837 575 334 145 289 416 230 417 148 925 401 88 354 295 296 594 12 769 980 861 223 799 289 100 961 303 434 850 639 140 194 961 969 926 502 40 384 740 796 606 724 381 340 929 728 833 40 405 738 954 157 221 27 354 327 563 579 891 
750 320 914 257 74 698 398 712 495 736 696 980 960 846 437 124 998 177 893 734 301 386 518 225 731 371 446 613 488 475 42 683 883 265 361 84 778 385 447 515 415 49 658 817 244 755 247 843 413 777 59 374 671 730 832 646 412 118 341 81 316 947 316 231 170 861 538 438 4 327 449 719 960 172 334 346 142 404 665 490 218 903 135 704 254 316 409 385 113 270 978 214 26 243 460 655 771 588 640 943 494 747 526 437 184 296 954 544 127 17 755 817 869 109 667 325 594 479 760 801 803 708 789 508 812 851 239 802 742 766 328 174 129 93 350 813 200 525 921 35 416 579 830 767 486 482 134 485 747 14 718 286 40 918 909 410 913 179 47 249 195 556 900 284 837 965 376 487 553 963 800 555 895 688 754 853 709 487 417 312 208 862 362 730 513 926 338 481 705 92 756 140 370 421 588 841 218 723 844 594 73 554 562 719 501 474 709 314 842 818 331 277 219 728 93 283 502 595 13 928 75 677 557 578 867 129 255 61 920 344 547 303 721 83 108 792 610 216 898 887 13 85 557 36 530 469 94 594 111 861 
38 537 425 406 658 700 342 288 701 503 495 563 61 510 49 869 744 918 574 114 534 340 478 662 14 127 799 628 566 111 109 196 683 42 825 743 588 906 347 810 127 608 239 268 744 910 969 72 174 120 489 360 923 937 548 231 951 660 728 205 796 241 549 449 855 523 860 608 123 91 257 680 436 999 728 339 510 929 217 692 37 303 891 834 617 205 433 615 855 700 695 192 552 657 618 235 159 478 555 74 125 648 346 489 397 646 442 40 519 484 425 265 141 19 828 337 487 937 396 871 78 887 818 430 923 62 627 778 605 977 212 667 941 233 173 365 945 395 605 396 786 530 49 399 927 163 555 892 421 420 364 197 677 44 962 53 316 658 176 606 601 276 576 909 768 534 961 740 489 742 721 581 808 513 136 543 306 816 842 443 860 440 323 795 572 340 199 583 852 907 529 551 722 745 367 935 56 198 224 654 764 64 965 997 167 914 632 448 287 170 360 158 27 811 615 776 153 359 577 227 274 1 773 53 712 398 49 642 269 210 368 684 747 849 491 427 930 940 536 474 581 760 596 125 931 845 177 716 911 28 
656 953 38 934 590 857 20 364 294 844 726 209 162 12 276 769 961 952 15 64 207 981 68 75 944 121 363 120 74 103 571 924 900 114 689 424 786 242 421 650 750 815 227 940 430 128 130 71 481 498 54 22 367 474 261 179 538 145 436 706 192 426 727 271 821 516 555 455 995 632 700 681 577 746 893 339 893 55 251 421 897 755 71 814 862 455 376 551 27 653 277 940 548 547 371 172 139 193 747 277 975 451 968 225 375 821 859 606 93 193 215 592 802 330 268 167 829 574 259 553 500 485 798 189 982 868 734 612 246 96 393 168 312 963 577 465 720 608 582 508 935 247 70 779 229 519 466 610 301 14 697 654 787 473 464 14 462 628 608 919 350 865 942 601 948 273 744 699 932 435 301 238 915 455 498 516 720 74 971 399 668 495 103 977 929 906 523 79 548 604 562 604 330 364 393 615 956 556 853 101 306 15 504 324 425 667 40 756 260 203 943 821 147 346 368 288 710 990 5 704 624 946 723 61 276 146 459 979 232 524 223 495 116 51 768 717 377 802 18 794 577 35 252 125 82 733 473 932 890 623 
31037 31417 30585 31073 29948 32099 31020 31311 31783 30924 
556 736 301 111 704 408 163 315 670 457 357 916 614 60 373 182 129 767 896 178 975 226 404 833 575 340 321 580 425 955 739 473 946 666 630 462 841 2 778 714 855 768 141 847 325 765 10 162 208 981 638 184 124 910 332 634 555 55 396 23 171 310 181 378 600 742 275 601 951 731 166 659 15 230 577 807 420 862 974 991 795 938 792 647 59 991 759 627 328 902 629 510 103 788 73 379 573 783 310 38 700 342 533 681 300 205 855 69 523 311 669 887 130 177 103 110 623 985 69 61 511 331 493 688 307 751 731 797 726 939 813 341 713 335 15 43 335 850 303 288 492 577 626 7 768 693 170 199 304 650 644 258 363 631 924 780 987 221 11 415 19 345 860 357 174 915 242 575 719 793 462 663 152 893 471 614 581 911 868 579 373 665 634 412 254 432 273 281 561 643 781 83 755 271 873 146 670 703 90 63 712 67 555 835 405 178 923 591 723 351 505 178 427 532 72 850 539 892 386 394 778 173 462 0 153 641 470 370 554 141 800 585 345 872 956 560 805 585 222 460 130 236 400 660 637 547 237 406 654 62 
413 494 348 63 799 352 111 889 914 312 153 287 888 424 374 650 711 816 111 774 687 279 191 181 890 484 662 995 718 533 81 879 959 989 678 424 623 986 66 449 458 515 486 726 796 398 624 182 153 272 23 598 392 154 253 691 849 842 414 986 189 41 786 540 227 14 608 125 948 638 256 555 60 673 157 75 495 829 687 438 432 476 101 986 350 733 261 409 956 615 463 265 182 989 616 194 959 842 223 968 551 770 650 952 922 603 222 623 879 770 390 960 485 354 21 581 641 729 143 491 92 355 213 56 862 166 63 27 859 109 303 874 914 633 734 888 903 250 679 125 128 413 79 253 568 96 713 871 597 389 28 91 661 57 832 191 216 113 301 795 103 171 356 671 792 536 560 336 91 549 20 21 893 192 994 111 499 334 422 735 300 995 390 470 198 525 326 794 944 837 922 818 292 616 863 783 814 405 641 555 658 505 64 473 292 465 723 123 713 421 605 554 100 72 664 653 21 676 491 463 71 811 393 896 761 428 793 842 911 609 397 729 483 566 612 543 40 731 575 903 247 839 53 960 667 147 793 557 375 938 
907 158 440 75 936 753 488 475 464 485 254 548 227 888 82 292 717 235 519 937 599 362 998 32 618 944 860 499 231 121 876 938 746 360 46 818 6 24 749 906 104 680 220 122 231 897 782 947 566 733 673 96 589 279 10 976 981 504 635 386 93 470 16 274 418 716 568 160 76 413 458 573 863 885 150 185 117 448 783 820 72 325 82 329 881 842 686 866 461 949 138 492 253 608 240 162 690 255 968 431 815 923 432 844 541 930 90 632 851 868 56 174 669 782 457 171 371 650 719 412 104 906 155 927 578 176 944 105 174 454 791 301 338 113 310 381 30 753 70 237 177 484 114 710 172 514 273 922 198 343 752 488 829 869 294 692 816 264 375 976 216 65 177 704 123 759 986 390 105 235 112 849 767 333 904 365 587 958 483 359 631 504 170 251 764 982 651 488 689 113 479 125 101 653 138 653 518 196 645 761 115 57 30 337 272 571 413 945 907 685 692 787 811 5 778 626 814 611 879 665 921 602 757 806 377 193 599 695 266 540 89 984 332 647 363 956 567 38 400 847 52 827 407 565 518 159 327 797 608 974 
547 669 623 859 509 351 25 264 581 285 802 287 674 733 956 829 902 70 878 900 582 49 156 99 145 303 257 915 684 217 532 601 566 824 606 418 153 701 402 820 770 698 370 378 566 13 385 341 462 91 789 582 683 578 25 95 578 209 99 34 768 187 49 292 163 303 915 856 318 754 168 634 48 478 637 519 990 849 295 913 472 751 553 271 579 190 492 468 570 1 576 147 477 90 997 444 523 866 94 313 497 963 525 666 391 286 94 797 564 249 924 738 241 632 961 661 527 167 913 250 445 921 211 339 779 123 634 716 774 564 236 85 95 233 870 694 336 825 100 997 868 967 443 701 679 131 383 594 6 124 467 515 85 935 173 371 880 853 393 366 232 120 71 411 379 580 326 969 354 293 101 173 244 309 340 285 641 176 308 181 446 180 13 871 423 527 20 826 189 694 559 665 305 806 861 25 890 523 487 712 995 229 833 539 895 112 569 138 149 16 249 370 321 752 323 272 216 396 46 316 986 898 149 75 322 449 268 426 558 914 171 144 18 911 960 303 736 51 388 236 614 50 208 750 16 260 526 389 636 499 
599 627 55 599 472 946 359 87 150 58 885 125 318 647 47 462 572 361 464 533 1 323 581 159 702 251 537 675 970 528 29 430 599 314 877 115 451 494 212 178 251 770 580 80 379 508 748 41 87 658 426 7 904 266 984 726 953 971 875 294 122 792 248 108 153 170 64 720 476 705 478 37 387 960 10 756 824 784 505 976 387 91 573 956 667 424 963 85 906 896 218 989 573 253 265 820 966 934 477 979 421 117 569 590 826 676 691 529 923 803 224 570 59 935 38 719 114 903 579 852 54 599 233 414 576 801 875 989 204 651 234 401 938 438 233 914 160 551 761 733 855 92 885 181 205 401 713 702 16 351 707 314 239 387 809 44 183 35 619 14 169 79 306 307 99 279 455 458 316 852 178 537 558 295 600 884 11 2 54 713 430 903 262 624 992 147 235 443 537 929 541 914 933 275 402 612 189 628 285 398 479 735 851 700 499 596 749 544 198 580 631 543 231 433 498 878 413 617 540 805 207 67 514 627 456 723 214 375 788 94 432 490 267 47 870 550 560 342 840 341 900 147 701 797 674 407 82 788 119 532 
30973 31581 31235 28912 30487 
