250 5 5
-126 250 -118 -129 783 -10 616 -88 -95 -199 -94 -198 606 -55 314 -10 260 360 444 -96 -76 410 406 -236 -79 338 -76 676 302 -167 251 413 -290 -80 453 -111 552 -58 -33 352 581 782 760 536 568 722 367 -243 446 -42 351 -108 316 354 -269 253 -33 -187 -38 328 282 458 -338 -389 -131 528 -82 530 -1 -4 256 534 -15 330 285 -5 -116 356 523 395 -79 -20 -8 -81 763 459 -219 595 415 494 -4 -121 -113 657 792 -50 402 419 -116 -184 285 352 -57 -278 -145 -34 -27 517 408 -207 -52 -164 -98 -104 -15 -142 371 386 360 413 252 518 429 -62 496 -103 -27 -187 390 705 513 -7 597 636 -210 821 -66 622 -230 317 374 -14 269 -247 549 -133 -212 -27 492 255 406 431 -198 -178 -78 606 -102 -242 -183 -123 -153 252 554 646 655 416 293 -39 252 402 315 -197 313 467 567 598 -154 -115 296 559 -130 533 385 -7 561 516 407 -83 558 264 -134 524 -173 -81 -132 -152 312 535 -102 384 -266 -127 -166 547 313 361 -115 -30 -172 -28 413 -437 373 -190 276 -300 -124 -118 -231 -218 -154 606 -125 -115 -229 -15 -233 -109 483 485 -200 -52 371 405 -43 -228 428 -23 400 538 579 306 -102 255 607 -158 -176 322 -350 431 
986 657 583 976 728 428 133 843 299 684 564 780 484 690 771 559 952 334 931 158 422 643 747 826 979 655 85 359 72 76 186 826 192 848 862 11 836 148 340 163 371 486 856 957 402 791 190 28 583 636 789 360 901 781 202 807 254 40 23 813 733 642 208 363 534 578 201 793 692 526 658 684 169 803 493 806 66 693 845 808 282 362 958 343 715 271 509 905 612 950 686 751 62 935 327 88 245 314 344 617 894 549 94 598 421 394 820 447 859 421 793 587 10 449 816 701 232 680 578 649 661 308 667 973 597 944 118 943 83 998 66 835 652 903 234 769 311 339 373 128 934 399 434 260 717 384 537 81 197 48 201 773 391 48 749 870 641 527 342 545 426 126 943 926 941 908 539 340 176 504 487 688 49 217 815 5 45 207 793 490 888 976 283 758 20 194 518 732 874 476 103 559 177 746 977 428 113 52 660 361 110 766 227 793 502 102 97 669 553 207 754 66 427 839 912 60 219 787 52 902 744 518 384 319 88 459 502 307 824 224 819 159 595 559 689 2 428 747 392 843 561 991 82 767 5 342 520 111 348 650 
695 852 75 13 818 138 439 345 47 284 267 16 425 37 102 866 465 698 803 714 851 329 238 952 473 682 118 660 650 319 455 391 289 645 228 490 685 608 431 571 707 280 241 651 462 277 792 688 642 627 371 499 811 437 46 497 657 724 102 834 799 300 44 171 936 475 866 180 609 225 183 857 308 733 849 289 97 597 975 576 341 123 252 765 256 689 67 123 784 163 830 607 39 182 772 934 772 820 261 644 629 533 38 172 400 980 38 723 611 231 725 635 177 652 103 576 514 579 372 805 110 632 780 124 89 533 821 407 895 826 989 217 898 979 30 803 103 717 53 680 396 617 265 216 32 500 419 165 792 580 721 607 85 123 970 928 551 433 761 638 431 459 699 796 215 61 879 287 266 464 215 825 260 940 275 528 280 548 1000 931 251 141 794 610 955 452 791 499 670 402 847 924 773 48 341 516 29 946 759 15 1 333 149 685 890 360 123 490 561 573 718 211 90 684 728 445 929 795 635 486 809 471 96 112 576 281 477 377 596 314 536 92 148 332 86 724 87 478 401 110 781 173 517 204 694 378 650 761 14 688 
271 168 974 114 138 603 225 902 202 84 660 284 528 477 346 525 794 343 298 940 854 413 338 541 182 815 327 599 71 757 716 795 1 530 286 313 599 812 136 320 684 972 772 258 977 146 732 872 881 574 852 531 449 510 896 997 799 347 133 699 961 186 32 300 971 419 48 262 790 707 989 997 699 546 133 538 347 324 170 389 259 384 189 850 609 226 617 917 762 504 367 6 512 815 997 586 628 155 374 359 479 577 191 294 792 13 591 245 20 90 324 219 681 141 933 403 913 472 459 341 302 695 470 592 834 964 137 327 260 691 557 286 354 421 183 858 345 678 873 636 373 5 353 868 970 382 283 973 926 945 575 365 724 960 458 969 497 738 709 322 460 379 776 161 559 864 669 3 584 316 588 13 399 484 914 663 485 578 624 784 137 124 684 445 402 505 994 928 524 793 769 194 890 274 85 313 927 778 312 96 36 103 224 353 617 656 926 291 197 834 915 36 491 273 467 164 18 709 159 703 91 568 868 465 56 64 885 350 513 49 345 633 302 848 380 912 699 504 806 570 375 653 302 440 851 209 172 164 91 113 
377 269 366 519 823 709 997 606 528 784 293 655 496 469 52 63 841 618 5 492 2 370 596 779 39 918 73 763 471 980 677 663 719 41 205 191 410 863 361 923 941 943 931 820 452 518 264 658 735 911 120 941 690 460 45 285 494 364 397 856 371 203 208 239 906 949 385 839 740 760 564 976 701 291 315 87 702 586 521 948 69 207 779 883 845 433 209 946 221 116 824 119 609 323 884 352 234 895 905 343 886 286 167 588 32 108 254 784 766 75 175 178 268 898 245 204 404 239 880 707 114 556 273 809 648 418 746 218 719 760 684 64 416 690 728 823 269 810 11 256 355 975 954 766 100 816 865 43 102 191 922 911 950 509 583 893 522 393 673 454 184 865 869 682 929 580 185 74 165 861 306 399 982 640 354 760 981 305 44 853 405 425 808 839 152 240 52 196 452 281 313 75 102 808 521 660 59 156 241 437 48 397 11 659 655 12 480 143 974 453 39 108 38 205 544 402 25 59 968 21 233 936 458 498 128 398 161 246 627 978 208 711 198 601 526 271 646 396 507 67 24 19 99 64 996 155 212 449 753 719 
233 760 383 879 900 610 496 883 998 705 260 198 471 24 470 563 332 480 490 688 915 853 418 45 159 296 533 955 963 995 167 412 281 822 919 382 808 164 83 791 695 388 612 328 948 744 369 113 971 88 220 144 720 453 862 9 379 628 635 949 21 688 213 146 158 630 889 685 885 79 420 858 604 128 532 8 169 873 814 597 605 215 363 380 850 753 474 137 303 205 851 768 451 881 481 65 442 697 837 12 139 443 377 28 533 380 203 397 197 808 302 797 617 228 248 604 697 812 414 627 467 187 160 942 619 325 675 593 324 550 570 787 954 49 11 989 211 544 235 857 704 655 513 243 847 47 395 848 566 619 332 656 328 820 872 822 199 173 380 130 989 502 160 490 250 553 490 405 588 109 802 35 899 382 471 669 288 377 660 808 528 264 682 609 564 834 260 655 702 512 132 747 539 648 641 193 251 545 93 915 74 115 808 706 596 428 383 324 154 241 90 468 959 307 568 380 777 509 859 747 712 63 739 334 72 404 379 328 558 252 517 137 460 617 959 240 381 329 266 896 887 912 766 708 379 475 512 306 22 444 
31793 30238 31062 30054 31011 
556 125 736 557 301 6 111 16 704 952 408 492 163 938 315 949 670 1000 457 816 357 495 916 852 614 161 60 382 373 570 182 934 129 542 767 964 896 350 178 557 975 70 226 356 404 79 833 616 575 987 340 794 321 337 580 920 425 170 955 581 739 622 473 789 946 499 666 546 630 997 462 750 841 795 2 522 778 42 714 645 855 396 768 392 141 544 847 263 325 227 765 128 10 973 162 743 208 223 981 143 638 612 184 738 124 139 910 611 332 588 634 484 555 932 55 434 396 61 23 491 171 219 310 569 181 866 378 354 600 237 742 631 275 83 601 167 951 771 731 474 166 795 659 638 15 344 230 395 577 670 807 494 420 501 862 940 974 735 991 748 795 120 938 983 792 430 647 497 59 890 991 810 759 588 627 59 328 386 902 650 629 35 510 143 103 164 788 62 73 720 379 641 573 895 783 909 310 829 38 231 700 155 342 605 533 231 681 540 300 389 205 748 855 420 69 931 523 458 311 678 669 327 887 85 130 679 177 564 103 826 110 314 623 865 985 550 69 536 61 375 511 968 331 132 493 892 688 715 307 849 
413 794 494 821 348 961 63 962 799 242 352 337 111 559 889 595 914 576 312 323 153 888 287 627 888 634 424 365 374 85 650 265 711 204 816 595 111 707 774 138 687 131 279 775 191 217 181 750 890 776 484 655 662 662 995 248 718 321 533 391 81 253 879 540 959 118 989 781 678 787 424 721 623 833 986 141 66 983 449 654 458 675 515 718 486 881 726 386 796 229 398 335 624 283 182 589 153 945 272 849 23 833 598 892 392 509 154 56 253 683 691 744 849 588 842 417 414 173 986 750 189 55 41 462 786 749 540 945 227 969 14 916 608 624 125 70 948 973 638 67 256 938 555 194 60 667 673 374 157 776 75 371 495 404 829 876 687 556 438 709 432 293 476 676 101 757 986 361 350 355 733 102 261 595 409 260 956 299 615 485 463 272 265 312 182 271 989 463 616 361 194 855 959 24 842 19 223 298 968 361 551 227 770 528 650 26 952 300 922 536 603 708 222 229 623 720 879 862 770 289 390 753 960 355 485 567 354 704 21 100 581 609 641 503 729 314 143 984 491 371 92 862 355 228 213 624 56 237 862 335 
907 447 158 840 440 413 75 682 936 933 753 47 488 649 475 88 464 50 485 672 254 171 548 202 227 673 888 176 82 811 292 522 717 592 235 398 519 987 937 12 599 414 362 818 998 654 32 469 618 781 944 499 860 216 499 695 231 776 121 703 876 260 938 643 746 967 360 630 46 555 818 52 6 331 24 328 749 206 906 346 104 415 680 187 220 255 122 51 231 536 897 727 782 113 947 206 566 738 733 891 673 435 96 691 589 157 279 985 10 49 976 95 981 71 504 494 635 702 386 802 93 877 470 946 16 736 274 448 418 337 716 801 568 306 160 713 76 360 413 563 458 397 573 815 863 992 885 443 150 365 185 981 117 937 448 344 783 895 820 302 72 890 325 205 82 977 329 32 881 267 842 802 686 747 866 893 461 838 949 413 138 271 492 684 253 290 608 313 240 471 162 47 690 495 255 810 968 84 431 375 815 67 923 376 432 758 844 4 541 906 930 148 90 531 632 145 851 749 868 744 56 365 174 841 669 709 782 112 457 627 171 424 371 213 650 8 719 254 412 289 104 258 906 121 155 205 927 799 578 201 
547 399 669 818 623 164 859 960 509 365 351 949 25 197 264 678 581 500 285 422 802 200 287 968 674 379 733 455 956 967 829 154 902 240 70 212 878 160 900 594 582 365 49 368 156 68 99 554 145 319 303 423 257 348 915 905 684 562 217 471 532 334 601 729 566 886 824 253 606 618 418 217 153 725 701 451 402 372 820 111 770 205 698 976 370 449 378 633 566 240 13 689 385 319 341 863 462 630 91 525 789 927 582 728 683 915 578 454 25 187 95 523 578 599 209 957 99 626 34 54 768 220 187 283 49 86 292 308 163 786 303 659 915 34 856 879 318 227 754 444 168 828 634 209 48 378 478 280 637 366 519 209 990 623 849 292 295 655 913 854 472 14 751 14 553 461 271 204 579 339 190 516 492 84 468 128 570 309 1 493 576 285 147 597 477 250 90 582 997 429 444 322 523 883 866 657 94 125 313 63 497 967 963 544 525 445 666 978 391 745 286 908 94 137 797 850 564 975 249 863 924 364 738 291 241 573 632 995 961 190 661 990 527 700 167 522 913 518 250 58 445 81 921 676 211 112 339 314 779 16 
599 63 627 495 55 314 599 374 472 554 946 583 359 675 87 563 150 661 58 523 885 946 125 544 318 593 647 299 47 898 462 502 572 556 361 385 464 105 533 83 1 112 323 14 581 291 159 108 702 454 251 385 537 337 675 787 970 822 528 782 29 81 430 957 599 52 314 180 877 28 115 483 451 434 494 849 212 520 178 354 251 72 770 806 580 97 80 821 379 635 508 988 748 542 41 451 87 107 658 636 426 284 7 605 904 430 266 349 984 519 726 815 953 420 971 419 875 335 294 549 122 664 792 462 248 751 108 305 153 428 170 769 64 554 720 618 476 25 705 986 478 400 37 591 387 925 960 838 10 361 756 82 824 368 784 894 505 458 976 70 387 21 91 76 573 664 956 522 667 546 424 891 963 202 85 764 906 368 896 607 218 38 989 312 573 49 253 762 265 731 820 155 966 269 934 932 477 359 979 357 421 992 117 734 569 778 590 872 826 748 676 881 691 728 529 821 923 169 803 896 224 217 570 13 59 202 935 837 38 124 719 660 114 745 903 746 579 69 852 489 54 182 599 740 233 935 414 447 576 960 
32105 32040 30980 30204 30949 
