100 30 30
185 583 290 583 481 158 559 237 391 291 602 561 618 162 595 471 275 123 227 599 530 557 310 595 459 515 459 565 690 288 382 264 515 414 149 228 309 353 419 642 283 276 220 492 443 452 205 404 372 438 475 253 315 695 292 219 780 544 450 345 470 234 495 284 377 575 393 186 533 683 329 527 403 393 343 357 371 305 581 472 547 567 250 506 477 220 511 354 140 451 567 445 466 415 424 226 440 420 297 159 
19 534 764 321 375 524 531 815 9 109 799 284 596 443 858 729 873 71 140 340 49 2 275 35 1 124 847 438 65 352 281 263 612 220 490 235 981 850 107 822 181 864 552 632 950 159 891 633 327 493 914 838 430 971 912 536 279 367 676 712 262 223 483 429 726 817 678 410 503 389 388 248 402 111 597 526 852 974 348 987 43 511 810 319 212 382 338 877 481 313 528 129 771 749 792 288 170 885 312 940 
295 390 493 253 862 203 638 151 557 833 891 637 174 378 523 96 204 683 264 936 294 92 740 703 454 458 311 792 745 767 871 123 853 500 495 437 980 811 643 817 234 847 64 408 327 296 87 610 749 488 51 802 865 616 143 43 713 279 793 637 866 359 868 773 671 535 41 143 625 856 75 429 49 529 293 101 566 857 260 123 31 48 403 75 487 115 602 117 19 540 334 495 709 878 311 835 855 480 428 925 
54 345 199 251 548 790 880 258 643 364 530 260 74 312 976 796 217 304 477 949 453 503 910 477 371 787 704 149 811 719 600 310 284 999 471 371 273 247 242 96 767 209 187 238 670 403 769 979 728 749 391 459 93 371 680 745 402 334 118 76 253 571 381 337 250 161 146 773 682 147 210 647 296 33 13 167 220 70 127 153 219 266 698 927 397 205 381 593 276 88 282 638 268 524 706 256 808 423 745 496 
463 906 730 311 352 795 288 448 194 3 345 286 506 223 316 689 891 8 932 367 688 401 795 452 945 931 160 753 574 394 516 478 910 109 391 304 206 472 558 377 370 522 833 322 165 6 357 976 641 713 830 849 254 640 915 958 746 615 207 566 548 537 970 710 929 507 668 282 818 359 397 74 595 418 341 717 925 84 734 846 318 658 987 337 814 725 463 956 441 801 958 333 955 29 420 311 422 21 911 877 
140 769 342 786 326 579 805 134 504 179 855 481 131 811 963 565 896 129 994 141 101 344 638 975 705 133 370 995 903 970 585 464 509 29 496 355 17 134 507 215 8 794 392 355 358 842 429 246 949 107 858 731 638 804 351 621 400 666 892 601 723 843 338 93 20 323 388 444 502 538 141 39 532 522 744 138 889 826 170 604 644 932 368 373 268 142 848 605 863 923 17 24 3 295 625 627 152 316 650 613 
148 256 283 501 92 203 880 24 147 1 154 303 573 427 868 539 48 718 762 8 71 520 42 289 469 150 855 833 380 224 337 245 931 311 855 867 161 459 960 331 396 775 692 751 552 737 965 756 336 826 605 654 990 394 830 549 923 633 548 993 93 813 75 86 131 503 423 215 433 468 943 741 436 188 745 332 85 485 996 986 566 165 536 807 742 729 670 242 468 904 335 593 908 638 982 238 564 193 740 299 
990 726 518 292 676 754 385 174 597 151 329 707 241 596 60 243 902 259 650 473 512 521 497 99 826 800 138 631 423 981 133 613 135 208 173 849 594 78 99 77 967 928 596 64 705 153 329 177 38 507 890 402 839 215 194 717 606 653 192 319 203 329 811 398 396 978 356 636 208 10 720 889 66 631 156 794 839 268 679 107 334 542 701 317 1 343 1 632 696 869 288 951 168 408 398 103 222 349 314 5 
373 493 264 362 385 557 401 687 361 540 253 432 502 222 196 330 391 739 303 468 928 671 298 768 726 15 398 150 979 721 256 364 18 408 91 527 169 785 989 200 65 273 612 832 871 419 519 449 472 635 436 897 662 299 357 904 821 889 658 940 29 740 957 249 141 570 208 394 587 484 70 845 46 868 963 194 528 92 773 506 12 126 848 727 643 778 402 16 470 163 211 849 651 609 154 556 816 196 735 641 
496 69 293 494 240 197 860 152 713 449 327 925 387 12 98 814 838 452 329 192 760 143 201 229 813 309 847 5 417 901 442 766 207 509 338 148 887 994 37 544 890 251 349 490 509 30 163 222 671 911 65 576 851 301 883 944 707 378 68 211 162 238 743 631 720 323 612 628 836 470 574 187 211 42 198 112 363 779 130 223 718 69 36 672 975 276 162 762 445 136 344 848 570 158 399 686 491 47 556 121 
934 694 433 642 749 148 803 761 4 564 969 833 547 622 927 112 900 108 358 499 596 686 932 715 234 781 354 513 665 770 105 402 405 676 220 907 798 220 820 532 96 320 294 276 879 281 693 584 538 6 598 178 415 684 655 435 584 628 895 745 72 131 229 375 545 592 423 263 112 919 937 880 71 920 833 288 424 847 12 903 570 113 731 497 614 803 299 762 358 923 959 686 770 19 622 768 186 249 948 662 
594 695 33 87 201 403 963 44 816 598 133 479 979 206 181 199 593 34 910 806 595 752 362 920 734 641 244 668 1000 927 505 336 141 780 93 559 831 210 708 466 374 137 495 615 125 228 251 235 440 618 568 504 711 910 31 935 628 989 321 525 732 3 759 189 799 493 292 529 375 947 204 448 875 614 571 134 136 827 662 999 468 114 315 153 122 818 311 267 573 376 339 377 197 92 717 637 842 866 71 125 
323 625 698 632 781 197 633 526 749 748 246 161 140 867 525 407 853 606 426 660 911 826 514 626 515 907 36 840 229 20 134 532 234 186 624 560 782 606 377 101 2 975 482 834 144 772 767 515 998 34 711 298 140 218 864 494 646 95 252 862 376 626 985 292 972 742 987 361 949 579 66 300 241 586 964 107 624 973 872 85 727 261 151 877 211 216 899 871 854 8 780 583 619 837 551 78 242 805 750 68 
882 937 229 388 417 368 161 810 644 703 705 317 279 919 842 301 532 733 860 931 476 327 918 787 518 428 97 386 50 289 679 687 797 986 354 219 18 270 964 752 957 442 626 771 663 505 295 985 199 768 18 211 455 740 608 769 554 119 847 72 478 39 495 507 902 350 728 546 141 879 371 717 305 220 259 367 797 682 136 19 765 802 910 143 735 30 674 803 430 255 56 352 445 73 725 720 94 435 136 945 
648 712 495 697 586 392 955 81 835 283 866 769 468 170 568 983 636 685 53 903 2 660 477 33 175 575 850 798 956 972 90 584 13 459 632 428 151 555 635 321 303 843 640 45 238 224 288 43 782 594 329 991 350 477 358 285 965 591 694 189 527 166 669 759 779 208 653 622 41 863 178 14 803 763 720 629 458 797 93 835 102 812 734 569 10 866 514 867 181 644 729 549 770 548 914 590 794 214 615 967 
518 20 729 986 702 610 787 819 201 113 576 623 130 28 75 510 207 308 418 899 497 651 306 742 634 195 897 557 978 669 918 359 768 977 696 420 745 888 865 349 225 106 57 103 708 401 881 735 83 298 646 92 960 935 658 143 688 973 418 268 324 630 609 437 661 542 983 555 978 270 625 700 284 35 815 259 211 955 488 138 8 885 734 752 850 981 897 338 797 994 76 155 894 624 617 587 295 772 293 529 
755 59 388 560 744 937 235 970 624 651 647 288 37 132 713 77 592 679 782 654 208 457 432 241 826 812 750 632 454 738 523 300 499 264 586 129 735 638 357 710 1 616 759 33 683 655 184 556 144 389 418 626 857 346 845 680 95 753 231 139 840 601 137 957 242 756 530 47 305 514 324 774 936 147 800 429 608 391 170 342 76 566 93 768 904 662 172 446 445 711 861 422 383 536 326 413 784 880 949 466 
956 956 705 585 396 172 930 508 702 755 32 409 955 602 206 334 430 956 997 413 997 815 624 231 697 504 547 706 534 843 683 978 881 676 636 929 117 321 188 278 844 252 90 558 725 826 270 789 506 565 472 275 637 433 80 63 320 16 752 701 202 558 915 919 961 635 212 412 675 628 727 723 762 401 928 485 634 197 445 342 587 376 940 554 631 259 740 159 779 368 925 622 806 567 550 601 531 113 98 3 
486 757 578 571 480 507 393 478 770 380 306 407 123 293 314 896 778 464 461 197 755 641 777 53 737 585 532 79 615 940 150 799 735 843 190 221 870 193 366 649 758 902 6 145 482 773 698 78 950 845 210 138 150 698 821 938 387 26 756 83 926 967 24 950 980 886 355 891 333 100 687 238 829 995 113 924 254 592 763 700 92 141 372 846 558 724 760 813 525 402 463 388 166 55 871 505 319 823 513 163 
420 651 995 77 983 292 75 856 417 4 678 955 986 253 979 465 258 150 635 38 453 466 309 441 193 926 108 568 456 526 519 207 139 54 659 358 828 825 219 261 705 588 571 393 954 719 407 115 218 961 678 869 317 833 526 204 782 12 646 139 93 729 38 861 954 838 79 865 812 561 986 971 776 470 137 927 155 11 911 124 630 460 921 385 332 519 297 843 469 832 894 810 79 874 686 407 481 546 150 741 
152 868 231 490 741 794 801 61 821 1000 932 796 607 200 891 28 250 13 383 503 942 922 60 997 567 801 190 939 97 275 265 724 903 51 691 602 633 488 251 658 256 262 486 179 715 284 613 597 432 667 728 305 113 139 80 476 476 749 391 458 561 368 80 141 729 45 214 531 706 569 670 176 837 6 4 761 212 136 375 483 308 768 851 343 47 354 385 919 102 663 777 477 624 794 283 215 830 722 296 12 
138 765 275 198 475 839 31 309 577 893 728 672 848 772 457 458 799 224 208 285 813 350 483 714 961 464 289 228 942 124 544 455 560 891 778 364 457 306 527 265 674 82 489 506 627 536 593 698 345 956 741 664 514 322 758 866 697 378 547 818 945 920 215 547 828 83 387 441 609 118 27 347 360 176 202 458 757 83 957 855 117 543 207 270 179 492 730 141 417 89 232 986 488 488 981 183 182 422 341 559 
59 387 20 949 945 502 210 57 958 606 659 929 235 760 863 377 162 171 942 419 858 397 553 93 826 603 89 236 855 379 609 668 309 394 338 741 895 637 586 189 719 696 619 896 508 167 925 383 46 608 515 92 979 189 982 321 983 442 436 787 765 907 190 618 633 355 925 69 665 708 898 639 902 649 479 708 199 413 640 282 559 450 753 295 964 833 719 751 591 348 566 658 290 741 582 311 141 348 908 555 
863 163 281 247 677 626 685 829 27 89 754 192 966 281 840 70 381 553 227 519 123 834 671 418 957 937 543 12 19 928 528 264 321 931 296 981 747 491 102 162 635 180 40 290 601 318 303 272 559 55 771 121 49 347 518 844 518 336 97 882 755 508 368 4 560 259 71 865 424 970 241 589 884 149 773 881 410 945 319 661 208 360 807 181 755 736 827 918 182 794 998 599 211 443 198 559 786 716 230 587 
93 34 959 733 559 245 719 627 336 249 247 276 34 510 358 915 856 480 896 137 843 718 28 44 485 18 663 154 433 349 660 891 440 744 296 193 901 35 911 785 931 182 489 367 428 633 409 131 344 763 435 437 87 68 3 849 815 387 526 58 316 527 210 649 459 103 100 11 837 871 412 435 356 401 395 620 934 335 744 460 284 402 269 34 185 589 701 78 979 174 657 450 12 169 63 556 749 276 938 273 
519 122 480 553 769 425 197 4 856 315 874 968 506 684 638 816 633 40 928 851 824 634 113 785 247 212 828 206 446 369 955 972 251 476 473 707 708 247 473 928 651 514 576 470 220 994 125 182 80 501 989 648 271 655 62 727 743 374 449 246 295 350 942 381 562 868 175 289 476 490 213 78 230 199 122 213 937 419 195 974 396 69 451 308 846 366 551 148 603 930 830 451 574 121 573 442 898 322 171 818 
521 714 289 279 193 647 352 271 241 448 495 543 679 160 915 33 79 990 741 663 923 702 370 191 405 293 398 148 701 111 541 176 523 344 919 171 364 692 761 538 252 968 19 448 408 669 941 846 105 456 208 866 487 298 38 424 211 568 385 395 330 826 861 298 306 275 501 66 719 950 950 808 467 339 637 995 287 348 889 899 900 91 407 92 999 575 762 239 256 354 312 591 297 75 506 247 231 268 315 788 
226 356 478 695 917 250 869 694 708 430 846 935 976 623 908 348 388 476 965 549 108 995 673 656 643 19 46 985 729 555 219 601 6 558 170 176 706 629 349 803 56 2 701 292 685 485 156 691 500 729 872 624 176 932 540 646 790 834 382 990 304 998 19 281 402 597 346 819 10 266 123 16 329 633 533 896 452 741 786 618 409 79 203 865 402 77 867 433 620 551 613 640 532 95 868 276 446 456 358 320 
77 660 351 311 289 210 224 340 236 853 468 63 875 590 174 728 340 973 556 561 468 378 865 437 62 814 797 850 858 208 53 432 763 936 843 334 847 637 683 969 605 992 363 779 344 805 496 565 77 868 552 85 126 684 531 174 612 754 256 403 815 476 544 569 157 392 749 14 139 371 17 93 199 723 438 655 185 124 914 784 309 875 982 503 306 548 498 539 208 683 34 382 179 132 439 435 258 260 638 719 
222 188 896 9 962 17 79 857 759 964 435 689 269 41 855 822 177 602 687 45 481 538 342 141 272 369 377 632 834 403 957 561 142 343 721 445 143 7 548 762 345 756 796 408 259 351 59 489 361 800 746 98 599 423 730 78 333 395 959 583 725 389 36 92 101 412 156 721 596 999 221 490 911 253 997 661 961 420 362 466 172 339 587 163 802 840 935 35 826 737 353 840 379 419 80 912 986 524 361 213 
483 233 123 601 649 990 838 64 286 33 411 919 841 973 385 832 403 463 269 826 135 171 686 547 13 92 180 525 909 822 295 193 268 580 926 934 440 519 310 288 290 909 503 993 593 5 581 521 321 900 459 244 637 562 352 671 450 249 70 715 438 235 342 525 21 848 414 3 314 713 206 367 566 168 277 577 802 292 110 773 475 390 882 826 323 253 540 310 585 289 367 938 294 10 760 665 583 710 250 831 
12176 12026 10801 13537 12281 12657 11179 12144 10989 13509 12109 13135 12758 13237 13581 12635 13832 13055 12993 11850 12410 13691 12251 11052 12446 11893 12906 12117 12158 11938 
556 111 163 457 614 182 896 226 575 580 739 666 841 714 141 765 208 184 332 55 171 378 275 731 15 807 974 938 59 627 629 788 573 38 533 205 523 887 103 985 511 688 731 939 713 43 303 577 768 199 644 631 987 415 860 915 719 663 471 911 373 412 273 643 755 146 90 67 405 591 505 532 539 394 462 641 554 585 956 585 130 660 237 62 699 360 716 113 636 838 34 907 361 629 405 174 187 483 868 934 
413 63 111 312 888 650 111 279 890 995 81 989 623 449 486 398 153 598 253 842 189 540 608 638 60 75 687 476 350 409 463 989 959 968 650 603 879 960 21 729 92 56 63 109 914 888 679 413 568 871 28 57 216 795 356 536 91 21 994 334 300 470 326 837 292 783 641 505 292 123 605 72 21 463 393 428 911 729 612 731 247 960 793 938 192 78 145 655 286 748 479 605 614 551 357 598 605 793 939 742 
907 75 488 485 227 292 519 362 618 499 876 360 6 906 220 897 566 96 10 504 93 274 568 413 863 185 783 325 881 866 138 608 690 431 432 930 851 174 457 650 104 927 944 454 338 381 70 484 172 922 752 869 816 976 177 759 105 849 904 958 631 251 651 113 101 653 645 57 272 945 692 5 814 665 757 193 266 984 363 38 52 565 327 974 581 88 778 804 244 961 253 299 684 676 11 715 381 847 271 7 
547 859 25 285 674 829 878 49 145 915 532 824 153 820 370 13 462 582 25 209 768 292 915 754 48 519 295 751 579 468 576 90 523 313 525 286 564 738 961 167 445 339 634 564 95 694 100 967 679 594 467 935 880 366 71 580 354 173 340 176 446 871 20 694 305 25 487 229 895 138 249 752 216 316 149 449 558 144 960 51 614 750 526 499 957 614 700 760 525 118 15 3 307 338 896 833 618 214 665 663 
599 599 359 58 318 462 464 323 702 675 29 314 451 178 580 508 87 7 984 971 122 108 64 705 387 756 505 91 667 85 218 253 966 979 569 676 923 570 38 903 54 414 875 651 938 914 761 92 205 702 707 387 183 14 306 279 316 537 600 2 430 624 235 929 933 612 285 735 499 544 631 433 413 805 514 723 788 490 870 342 900 797 82 532 229 706 182 927 765 34 625 814 780 203 967 46 519 457 354 432 
125 16 938 816 161 934 350 356 987 920 622 546 795 645 544 128 223 738 588 434 219 354 83 474 344 494 735 983 890 59 35 62 895 231 231 748 458 85 826 550 968 715 469 280 493 179 433 210 209 530 96 212 427 811 117 348 797 693 901 41 191 874 466 461 359 165 458 114 999 89 465 169 515 396 820 882 207 862 658 803 986 384 569 80 57 142 194 663 341 617 203 468 282 691 391 355 911 597 987 942 
794 962 559 323 634 265 707 775 776 248 253 781 833 654 881 335 945 892 683 417 55 945 624 67 667 371 556 676 355 260 272 463 24 361 26 708 862 355 100 314 862 237 777 757 236 190 602 665 11 565 899 109 798 568 897 399 686 325 783 527 629 918 230 711 314 268 97 52 524 494 558 927 776 52 755 266 297 252 276 527 142 748 321 871 720 341 28 559 825 307 711 842 839 878 516 204 873 42 663 780 
447 682 649 672 673 522 987 818 781 695 260 630 331 346 255 727 738 691 49 494 877 448 306 563 992 981 895 205 267 893 271 313 495 375 758 148 749 841 627 8 258 799 127 863 869 558 777 34 795 983 508 683 314 442 31 805 378 692 991 482 56 302 81 938 929 674 764 806 929 919 421 537 463 382 625 845 537 686 522 28 568 350 810 128 792 575 687 742 812 346 702 96 291 482 279 911 412 934 301 791 
399 960 197 422 379 154 160 368 319 905 334 253 725 111 449 689 630 728 187 957 220 308 34 444 378 209 655 14 339 128 285 582 883 63 445 908 975 291 190 522 81 314 344 790 482 798 73 604 112 42 114 692 707 137 683 926 957 474 735 360 230 406 189 980 285 284 617 492 862 236 914 607 873 707 189 359 862 173 647 469 464 240 377 229 39 14 771 443 782 559 47 17 421 280 768 898 63 141 927 495 
63 374 675 523 593 502 105 14 454 787 81 180 434 354 97 988 107 605 519 419 664 305 554 986 925 82 458 76 546 764 38 762 269 357 778 881 169 13 124 746 182 447 750 249 95 381 832 394 10 646 107 235 326 636 558 329 753 616 298 288 490 209 713 884 955 798 54 722 353 612 485 697 291 723 257 632 215 902 122 32 719 938 741 420 615 339 254 245 324 766 555 740 680 526 447 149 684 399 478 543 
736 704 315 357 60 129 178 404 340 425 473 630 2 855 847 10 981 124 634 396 310 600 601 166 230 420 991 792 991 328 510 73 783 700 681 855 311 130 110 69 331 307 797 813 335 335 288 626 693 304 258 924 221 19 357 242 793 152 614 868 665 254 281 781 271 670 63 555 178 723 178 72 892 778 0 470 141 345 560 222 236 637 406 512 714 433 413 490 210 699 953 776 537 713 479 928 692 329 967 412 
494 799 889 153 424 711 774 191 484 718 879 678 986 458 726 624 272 392 691 414 41 227 125 256 673 495 438 101 733 956 265 616 842 551 952 222 770 485 581 143 355 862 27 303 633 903 125 79 96 597 91 832 113 103 671 560 549 893 111 422 995 198 794 922 616 814 555 64 465 713 554 664 676 71 896 793 609 483 543 575 839 667 557 348 370 519 770 72 873 7 231 670 84 145 358 569 331 706 388 10 
158 936 475 254 888 717 937 998 944 231 938 46 24 104 122 782 733 589 976 635 470 418 160 458 885 117 820 82 842 461 492 240 255 815 844 90 868 669 171 719 906 578 105 791 113 30 237 114 514 198 488 294 264 216 704 986 235 767 365 483 504 764 488 479 653 518 761 30 571 907 787 778 611 921 806 599 540 332 956 400 827 518 797 837 7 341 961 945 766 162 165 392 793 569 941 486 526 668 927 584 
669 509 264 802 733 902 900 156 303 684 601 606 701 770 378 385 91 683 95 99 187 163 856 168 478 990 913 553 190 570 147 997 866 497 666 94 249 241 661 913 921 779 716 236 233 336 997 443 131 6 515 173 853 232 411 326 293 244 285 308 180 423 826 559 806 890 712 833 112 149 370 323 396 986 75 268 914 18 303 388 50 16 389 4 262 320 599 149 599 63 65 875 910 513 658 529 553 225 878 438 
627 472 87 885 647 572 533 581 251 970 430 877 494 251 80 748 658 904 726 875 792 153 720 478 960 824 976 573 424 906 989 265 934 421 590 691 803 59 719 579 599 576 989 234 438 160 733 885 401 16 314 809 35 169 307 455 852 558 884 54 903 992 443 541 275 189 398 851 596 198 543 498 617 207 627 214 94 267 550 840 147 674 788 350 991 491 878 818 591 552 45 645 595 141 615 594 388 627 730 534 
557 952 949 495 382 542 557 79 794 170 789 997 522 396 263 973 143 139 484 61 569 237 167 795 395 501 748 430 810 386 143 720 909 155 540 420 678 679 314 536 132 849 327 893 853 607 766 722 238 294 782 989 172 478 840 554 839 554 270 394 846 189 108 488 744 221 467 44 239 111 502 251 775 359 576 412 312 973 234 832 902 406 253 172 10 736 246 553 51 35 812 366 119 147 993 932 195 910 83 541 
821 242 595 888 365 204 138 217 655 321 540 787 141 675 386 283 849 509 744 173 462 969 70 938 374 404 709 757 102 299 312 361 19 227 300 229 289 567 609 984 228 335 36 992 557 564 982 73 418 981 370 560 970 816 236 47 401 224 687 605 139 565 408 837 819 680 667 289 321 60 38 610 474 774 889 434 66 753 751 999 194 496 894 539 740 598 246 35 854 98 260 275 653 640 220 300 602 228 497 611 
840 933 88 171 176 592 12 654 499 776 643 555 328 415 51 113 891 157 95 702 946 337 713 397 443 937 302 977 802 838 684 471 810 67 4 531 744 709 424 254 121 201 32 403 89 432 485 885 476 326 148 257 457 299 255 687 155 289 803 693 406 346 643 793 23 264 615 201 577 768 396 363 538 579 982 280 951 524 178 912 331 638 147 524 19 970 526 373 28 623 428 175 129 295 70 890 595 214 217 473 
818 365 678 200 455 240 594 68 423 562 729 618 451 205 633 319 525 915 523 626 283 786 879 828 280 623 854 461 516 309 597 429 657 967 978 137 863 573 990 518 676 16 410 919 372 852 318 971 687 989 32 885 40 753 313 20 921 790 807 298 929 919 867 990 275 262 233 44 294 790 990 786 443 733 980 441 948 995 123 351 394 535 802 140 182 59 24 761 211 863 231 636 607 188 809 545 221 668 631 444 
495 554 563 946 299 556 83 291 385 822 957 28 849 72 821 542 636 430 815 335 462 428 618 400 838 368 70 664 891 368 312 731 932 992 872 728 896 202 660 69 740 960 780 176 582 376 408 186 965 171 815 180 652 629 427 20 776 635 482 626 876 102 359 61 100 563 430 121 895 925 467 594 800 367 464 66 422 644 607 73 335 4 530 539 820 583 910 426 697 145 988 322 122 949 660 256 320 344 230 585 
301 408 670 916 373 767 975 833 321 955 946 462 778 768 325 162 638 910 555 23 181 742 951 659 577 862 795 647 759 902 103 379 310 342 300 69 669 177 623 61 493 751 726 341 15 850 492 7 170 650 363 780 11 345 174 575 462 893 581 579 634 432 561 83 873 703 712 835 923 351 427 850 386 173 153 370 800 872 805 460 400 547 654 540 48 943 766 319 875 651 501 393 180 507 354 271 630 590 811 874 
348 352 914 287 374 816 687 181 662 533 959 424 66 515 796 182 23 154 849 986 786 14 948 555 157 829 432 986 261 615 182 194 223 770 922 623 390 354 641 491 213 166 859 874 734 250 128 253 713 389 661 191 301 171 792 336 20 192 499 735 390 525 944 818 863 405 658 473 723 421 100 653 491 811 761 842 397 566 40 903 53 147 375 644 804 803 390 715 283 62 285 382 245 187 576 159 361 546 49 576 
440 753 464 548 82 235 599 32 860 121 746 818 749 680 231 947 673 279 981 386 16 716 76 573 150 448 72 329 686 949 253 162 968 923 541 632 56 782 371 412 155 176 174 301 310 753 177 710 273 343 829 692 375 65 123 390 112 333 587 359 170 982 689 125 138 196 115 337 413 685 811 626 879 602 377 695 89 647 567 847 407 159 608 635 45 558 767 536 616 22 788 632 742 25 888 975 931 865 936 306 
623 351 581 287 956 70 582 99 257 217 566 418 402 698 566 341 789 578 578 34 49 303 318 634 637 849 472 271 492 1 477 444 94 963 391 797 924 632 527 250 211 123 774 85 870 825 868 701 383 124 85 371 393 120 379 969 101 309 641 181 13 527 189 665 861 523 995 539 569 16 321 272 46 898 322 426 171 911 736 236 208 260 636 589 666 519 184 739 913 187 848 659 337 671 135 293 760 713 391 690 
55 946 150 125 47 361 1 159 537 528 599 115 212 770 379 41 426 266 953 294 248 170 476 37 10 784 387 956 963 896 573 820 477 117 826 529 224 935 114 852 233 801 204 401 233 551 855 181 713 351 239 44 619 79 99 458 178 295 11 713 262 147 537 914 402 628 479 700 749 580 231 878 540 67 456 375 432 47 560 341 701 407 119 453 530 641 759 973 876 681 552 241 470 528 126 914 625 129 269 989 
6 492 1000 852 570 964 70 616 337 581 499 750 42 392 227 743 612 611 932 491 866 631 771 638 670 940 120 497 588 650 164 641 829 605 389 931 327 564 865 375 892 454 625 622 24 825 365 891 9 898 171 587 415 192 59 323 824 697 670 136 610 904 85 437 351 973 506 585 775 281 987 432 510 75 0 34 731 825 974 225 337 171 868 299 870 620 215 61 828 888 359 429 292 811 272 807 570 394 544 125 
961 337 576 627 85 595 131 750 662 391 118 721 983 718 229 589 833 56 588 750 749 916 973 194 776 876 293 361 595 485 271 855 298 528 536 720 753 704 503 371 624 166 113 609 772 533 818 194 240 646 118 160 241 240 618 597 431 243 117 36 704 48 820 213 735 639 138 583 233 348 432 600 259 357 706 200 162 927 365 573 678 683 632 820 357 103 301 341 410 326 495 179 922 939 540 643 216 759 521 932 
413 47 50 202 811 398 414 469 216 703 967 52 206 187 536 206 435 985 71 802 736 801 360 815 365 344 890 32 747 413 290 47 84 376 906 145 365 112 213 289 205 766 293 379 359 644 280 104 806 579 455 817 989 450 905 597 405 933 508 728 511 760 231 958 809 76 166 415 162 133 695 941 789 498 515 308 635 121 24 312 425 303 39 828 16 968 389 17 278 125 945 249 992 345 780 178 96 167 182 608 
164 949 500 968 967 212 365 554 348 471 886 217 372 976 240 863 927 454 599 54 86 659 227 209 366 292 14 204 84 493 250 322 125 544 745 850 364 995 700 58 112 30 464 983 627 182 934 7 761 978 888 79 752 866 59 793 264 818 573 338 746 823 635 92 762 693 740 753 731 351 508 816 338 412 803 426 662 67 275 617 152 817 668 994 270 250 432 773 996 490 494 202 224 104 371 850 313 161 861 232 
314 583 661 544 898 385 112 108 337 782 52 483 520 806 635 451 284 349 420 549 751 769 25 591 361 894 21 522 202 607 49 155 359 734 748 821 217 837 745 489 935 339 946 595 157 759 481 550 884 676 606 494 960 373 897 959 483 623 636 559 811 557 157 775 569 767 154 170 736 409 78 461 919 16 986 632 515 926 832 66 357 516 228 1 474 86 512 519 586 147 832 157 531 88 812 612 136 923 471 412 
12718 12444 12525 11838 12344 12091 12951 14075 11245 11553 11791 12517 13592 11699 13757 12269 12037 11395 13722 12817 13427 12096 12102 11666 11231 13147 12453 11173 12521 12755 
