100 30 30
387 623 413 607 445 258 527 386 394 435 602 481 668 278 589 574 294 236 264 671 539 571 360 636 440 604 577 577 568 230 477 339 677 324 173 307 241 432 400 674 304 210 370 483 522 524 232 492 442 446 442 343 359 739 274 227 740 544 440 380 630 260 584 380 344 593 518 317 514 664 414 581 480 512 384 365 395 393 624 453 758 675 229 627 434 189 526 406 49 453 567 367 651 497 346 310 455 547 254 46 
386 534 729 782 150 746 91 421 488 254 430 670 475 498 517 253 841 573 603 178 690 297 425 21 222 234 951 354 171 859 526 45 845 471 847 108 809 280 318 535 136 962 300 8 387 332 127 482 387 452 297 971 158 719 667 234 880 427 192 15 863 21 730 116 276 474 621 376 51 846 316 733 458 917 855 70 601 957 602 251 509 439 908 199 988 234 180 272 280 382 83 244 548 537 994 771 712 940 194 641 
12 11 229 8 990 574 456 192 652 594 53 198 200 247 210 213 622 991 547 534 142 948 928 521 146 599 486 441 800 127 975 321 900 47 849 633 796 102 118 766 843 101 473 12 834 371 244 492 803 81 769 630 803 684 62 454 650 797 256 230 947 538 867 190 300 859 615 86 325 524 963 311 857 38 198 53 549 92 545 342 347 221 190 143 590 774 783 938 123 126 230 522 483 766 576 850 795 982 312 56 
480 881 533 941 139 596 979 657 400 241 914 193 446 837 569 169 751 651 952 71 468 511 216 140 424 115 996 563 577 961 140 743 621 228 940 127 746 671 217 673 364 202 183 303 525 985 547 707 758 763 164 932 359 514 440 422 8 511 591 347 142 899 946 19 564 710 258 932 807 792 656 155 407 376 144 54 150 656 876 807 3 877 505 568 612 399 932 910 165 132 555 416 594 141 387 36 45 718 125 14 
985 654 687 135 419 715 388 191 427 242 955 955 566 545 328 781 273 61 445 126 205 170 574 43 37 894 839 922 257 196 374 155 552 354 351 623 207 953 236 746 763 72 833 616 752 871 785 801 304 564 538 796 738 136 137 324 952 71 21 477 847 641 404 965 84 459 568 602 339 845 39 184 943 105 134 999 552 977 451 149 664 909 724 161 755 94 691 19 122 215 766 13 383 796 808 178 461 865 602 32 
999 228 647 23 749 470 433 518 878 532 7 474 920 727 91 437 169 357 485 712 171 806 90 353 657 262 514 123 172 477 900 849 899 960 170 144 111 230 651 102 634 226 556 550 947 355 143 513 418 557 495 811 491 725 584 995 613 118 873 953 240 527 23 964 136 913 448 19 956 617 356 583 108 66 4 210 454 992 495 323 328 108 960 852 619 19 258 410 724 765 575 482 529 718 410 803 261 278 891 15 
588 496 460 609 581 845 285 414 923 543 644 244 178 213 386 499 89 673 765 349 308 618 497 47 207 386 615 692 50 31 865 22 615 667 594 732 20 371 527 714 976 79 269 628 936 853 538 704 47 534 340 238 679 646 90 648 282 804 372 241 199 165 234 359 181 97 663 784 81 538 660 254 775 304 860 803 562 798 915 315 708 154 165 243 372 136 992 645 67 411 529 32 860 760 432 170 39 154 290 37 
108 956 874 74 15 91 87 73 633 904 811 539 592 254 769 277 307 856 412 918 712 512 279 859 106 374 81 422 11 375 444 739 669 89 858 502 537 248 502 485 251 738 251 642 291 954 560 461 397 895 54 546 907 650 231 488 1000 890 374 213 227 695 741 650 485 184 795 530 411 749 3 65 138 956 523 782 238 5 593 889 472 124 581 899 947 465 638 664 757 969 694 997 886 523 909 969 499 970 134 438 
623 205 900 276 541 999 946 945 400 631 37 634 822 968 458 704 433 302 639 643 820 829 994 56 261 594 323 410 342 797 355 169 156 157 386 861 92 858 33 241 121 689 476 280 422 634 181 585 267 905 944 353 314 470 954 564 694 884 8 355 872 732 666 957 602 319 300 238 648 774 400 608 745 970 837 315 472 114 437 453 963 952 217 234 288 907 518 986 603 234 564 470 329 157 538 696 89 803 59 333 
983 538 318 108 224 131 233 275 325 417 715 350 567 990 236 702 15 476 893 683 475 419 310 625 943 776 708 108 121 120 31 52 331 31 164 862 350 299 584 136 787 639 999 442 201 264 887 613 222 530 16 605 102 384 607 670 636 542 407 503 971 254 927 505 915 612 738 886 452 2 761 850 892 123 304 723 593 192 707 871 557 204 622 65 884 472 535 659 247 958 669 787 750 54 340 549 575 193 408 556 
929 401 749 113 359 765 375 775 237 590 879 284 356 723 177 967 990 196 982 161 376 312 716 758 410 767 510 17 375 239 269 304 789 360 412 596 292 782 452 543 239 673 933 171 179 790 407 807 194 235 251 953 471 445 572 273 671 114 557 947 372 998 681 690 40 373 725 181 91 101 343 99 5 593 578 62 507 429 72 209 346 438 63 17 276 213 527 84 861 678 712 124 772 500 270 866 603 107 313 723 
541 43 279 107 785 671 105 996 43 681 662 853 829 52 945 618 152 790 595 1000 149 980 392 540 705 100 154 112 628 695 216 821 345 103 829 288 362 859 984 452 643 674 927 83 403 493 610 924 682 371 56 955 470 475 357 699 290 627 718 532 413 836 50 821 734 937 288 256 361 579 32 656 155 783 115 531 829 114 418 151 674 697 992 478 367 715 478 545 104 3 610 822 253 231 614 969 558 378 681 220 
244 586 481 806 115 400 276 492 241 666 305 187 88 299 673 457 691 725 812 766 105 164 205 573 820 450 285 98 657 114 832 747 245 637 674 311 444 774 184 552 313 302 390 663 108 718 172 139 127 697 527 25 247 365 448 435 90 997 391 409 789 615 293 999 971 590 836 91 357 400 112 189 324 341 906 725 839 588 56 830 668 685 134 964 169 342 242 182 344 7 67 380 940 372 415 727 566 237 71 507 
918 559 595 245 90 272 964 420 607 789 158 729 611 220 866 430 199 688 757 416 469 88 402 4 245 422 511 811 246 305 898 661 719 82 970 846 267 518 558 843 662 752 806 396 859 459 995 782 121 474 423 399 353 945 827 409 832 591 925 186 836 386 182 402 736 585 533 554 816 135 558 532 707 461 359 446 852 964 744 590 639 93 936 917 796 753 424 539 981 23 496 454 926 545 435 18 169 237 76 215 
535 116 252 997 903 685 907 625 638 999 914 629 682 256 722 648 366 552 615 10 964 341 329 269 718 477 817 541 907 989 958 574 530 853 42 728 328 439 800 35 34 459 489 186 864 388 3 865 935 88 776 182 974 490 560 881 947 279 599 979 525 810 500 199 208 672 670 723 288 364 422 142 230 408 796 990 491 1000 500 968 984 270 861 159 121 732 285 200 189 750 933 84 823 987 53 19 354 768 833 656 
6 43 886 696 188 847 581 50 323 924 428 181 528 876 236 717 511 814 631 660 629 554 621 47 521 825 699 552 518 34 570 709 930 148 336 882 243 175 697 276 38 705 732 320 959 385 614 911 399 565 758 355 449 828 573 342 28 179 548 447 862 304 802 43 660 672 644 941 499 193 883 629 541 974 692 561 669 446 122 7 34 68 788 974 675 340 118 344 974 458 976 176 312 274 97 26 788 319 481 471 
668 636 753 741 425 148 547 208 427 338 537 11 582 488 871 261 706 489 696 708 681 85 89 571 174 575 134 770 827 648 480 433 767 409 340 756 969 426 267 389 535 46 979 373 901 243 192 624 942 915 626 300 620 500 789 823 288 7 11 595 744 235 73 611 883 279 20 26 909 561 386 592 139 185 448 283 302 301 895 295 392 355 109 726 23 768 940 718 100 539 933 565 426 673 419 685 408 254 584 111 
669 320 168 897 686 540 127 679 785 413 155 330 598 248 760 572 274 896 208 167 828 538 223 952 988 641 944 159 342 207 401 619 362 256 142 511 696 598 777 703 806 115 181 681 482 435 773 92 214 981 751 369 526 773 383 308 227 67 101 897 221 177 559 294 554 8 332 700 297 943 573 709 509 32 140 892 499 923 754 591 138 902 458 190 860 715 494 320 400 664 77 586 422 373 185 159 271 696 26 622 
386 632 805 327 727 267 234 331 409 352 728 813 30 92 16 316 261 237 820 726 916 232 86 812 623 938 360 216 688 529 775 31 466 585 175 630 515 477 925 494 580 603 526 246 330 462 842 565 2 610 736 469 942 50 73 982 346 649 276 672 741 962 396 501 577 960 731 666 81 869 173 468 684 884 933 819 398 316 384 807 425 275 963 468 30 254 245 863 414 217 4 478 751 4 201 738 599 248 171 459 
625 436 204 703 930 873 309 738 282 135 818 44 716 838 941 621 724 693 611 585 723 755 729 28 28 982 997 804 252 638 837 777 267 953 736 237 669 885 197 652 791 255 351 634 826 78 149 262 489 302 371 331 10 542 283 760 38 473 625 820 24 260 417 596 48 516 521 472 253 165 486 952 116 563 456 530 83 169 252 545 476 802 293 716 313 26 914 251 236 604 421 570 780 106 553 868 999 702 809 398 
642 363 712 240 137 427 564 508 119 991 562 988 60 696 872 877 978 824 213 894 998 287 217 662 919 871 691 56 840 174 342 600 868 63 59 91 494 303 445 776 102 521 966 928 539 40 101 847 956 951 653 983 388 755 644 760 681 651 928 298 211 381 897 559 268 480 54 593 212 665 57 294 577 974 306 373 433 139 4 16 735 360 121 327 927 255 294 960 610 943 311 9 208 18 209 41 249 998 642 273 
537 766 624 686 855 662 227 844 412 617 100 601 644 634 850 710 822 52 25 646 90 946 161 276 616 870 583 479 523 706 414 405 175 184 172 400 856 602 564 67 374 417 942 178 313 294 488 892 737 729 491 98 42 493 518 469 209 504 51 593 946 556 772 235 213 279 451 780 804 978 27 979 669 195 42 683 216 795 795 73 792 655 77 652 225 815 534 394 381 736 909 535 838 434 601 221 267 889 709 690 
995 604 209 27 803 464 943 876 896 689 410 501 259 749 895 308 239 617 472 837 283 471 948 209 432 167 64 561 338 713 228 193 798 235 45 869 39 751 222 181 433 769 622 96 170 412 856 585 988 930 477 92 755 629 225 719 958 440 807 433 648 228 550 875 652 556 657 136 26 368 183 542 283 690 599 522 174 435 369 437 680 794 108 896 22 145 292 457 26 647 519 987 879 165 180 447 69 354 275 204 
402 412 394 567 903 813 388 419 678 786 873 871 364 346 39 730 602 43 268 943 11 580 840 352 862 569 189 748 97 650 11 657 961 299 686 456 123 593 918 634 10 58 2 254 159 657 820 48 633 364 698 520 434 198 522 864 653 506 610 443 928 102 627 54 950 924 387 464 849 495 997 529 954 322 722 315 256 736 651 515 706 931 926 662 45 861 428 371 532 128 275 789 755 998 225 933 609 807 91 745 
752 310 80 902 982 507 193 607 618 454 78 307 637 352 791 200 742 634 70 929 164 834 976 936 376 97 93 572 562 181 652 809 881 303 505 67 255 252 145 576 114 388 595 40 699 788 934 557 188 444 842 570 203 40 304 325 897 559 633 229 426 597 423 994 818 137 949 774 620 285 496 727 385 281 274 74 778 951 187 215 887 156 550 534 227 19 348 829 493 409 123 598 967 392 788 226 989 108 279 289 
149 887 735 692 608 510 837 513 60 32 413 84 183 801 811 573 267 290 691 70 412 142 955 656 179 453 858 563 120 449 237 82 602 818 77 232 102 385 114 900 112 615 277 365 724 579 192 415 43 390 951 873 743 887 171 52 741 221 10 419 781 95 912 602 427 925 235 625 723 389 890 525 958 461 635 387 463 323 374 459 732 710 702 350 109 707 993 712 21 846 652 267 844 79 39 273 761 72 953 352 
631 400 988 651 78 185 374 68 191 337 917 155 964 355 320 741 741 834 686 237 380 875 919 475 251 136 4 263 194 444 239 644 594 698 953 285 641 188 184 225 3 788 493 622 525 284 679 110 641 365 465 507 24 330 212 3 19 171 836 180 8 472 828 935 149 36 369 877 502 653 943 194 606 12 957 491 190 473 681 416 185 636 659 842 227 19 963 404 237 719 146 144 170 909 489 944 439 261 308 385 
972 780 331 207 237 50 742 604 655 147 422 445 283 310 476 538 340 71 331 51 832 252 956 715 640 522 485 751 448 925 881 979 821 322 525 624 441 805 928 543 305 385 336 572 920 59 4 403 11 629 741 755 500 179 707 501 995 399 345 563 928 981 153 33 737 118 197 861 139 118 778 333 514 516 813 301 689 884 210 685 505 390 649 843 313 3 647 246 337 109 93 646 239 549 763 204 862 953 51 462 
18 764 365 279 44 651 510 959 181 256 479 375 844 833 238 771 880 469 743 974 924 844 17 927 278 916 768 589 798 235 518 794 374 383 945 587 878 991 114 4 900 279 771 443 438 222 189 123 648 952 4 684 931 507 436 621 316 538 104 490 832 618 63 123 39 88 885 282 456 215 274 482 815 763 229 64 686 374 750 306 368 229 158 586 295 322 631 73 392 272 355 492 172 544 414 768 454 854 666 60 
906 555 206 34 804 609 342 925 676 888 129 90 635 11 741 863 334 66 682 756 389 373 680 851 786 773 794 944 593 594 720 825 45 332 318 893 517 195 14 156 416 149 29 834 574 179 240 210 361 298 164 196 488 570 192 567 258 80 156 925 506 156 286 761 375 345 585 185 209 296 260 859 371 556 955 257 690 476 719 996 841 362 382 818 250 686 579 920 165 793 252 109 616 250 22 724 626 947 480 95 
904 857 745 420 227 366 906 673 488 886 660 102 229 851 208 334 468 249 713 326 537 489 329 490 580 294 229 850 677 810 434 935 2 453 245 661 826 314 612 520 615 258 885 382 901 981 706 889 845 188 41 480 560 600 900 418 196 104 558 482 400 852 681 609 671 133 183 847 999 689 831 63 719 607 171 669 922 679 507 913 317 367 963 824 409 804 205 838 33 895 303 406 820 315 715 381 224 40 632 522 
23475 23387 24793 24331 24247 22505 26171 26170 24521 22906 25449 22307 26822 27818 25032 24117 23903 24550 25312 25049 25539 24006 26562 24166 23843 22290 24774 24281 23845 27023 
556 111 163 457 614 182 896 226 575 580 739 666 841 714 141 765 208 184 332 55 171 378 275 731 15 807 974 938 59 627 629 788 573 38 533 205 523 887 103 985 511 688 731 939 713 43 303 577 768 199 644 631 987 415 860 915 719 663 471 911 373 412 273 643 755 146 90 67 405 591 505 532 539 394 462 641 554 585 956 585 130 660 237 62 699 360 716 113 636 838 34 907 361 629 405 174 187 483 868 934 
413 63 111 312 888 650 111 279 890 995 81 989 623 449 486 398 153 598 253 842 189 540 608 638 60 75 687 476 350 409 463 989 959 968 650 603 879 960 21 729 92 56 63 109 914 888 679 413 568 871 28 57 216 795 356 536 91 21 994 334 300 470 326 837 292 783 641 505 292 123 605 72 21 463 393 428 911 729 612 731 247 960 793 938 192 78 145 655 286 748 479 605 614 551 357 598 605 793 939 742 
907 75 488 485 227 292 519 362 618 499 876 360 6 906 220 897 566 96 10 504 93 274 568 413 863 185 783 325 881 866 138 608 690 431 432 930 851 174 457 650 104 927 944 454 338 381 70 484 172 922 752 869 816 976 177 759 105 849 904 958 631 251 651 113 101 653 645 57 272 945 692 5 814 665 757 193 266 984 363 38 52 565 327 974 581 88 778 804 244 961 253 299 684 676 11 715 381 847 271 7 
547 859 25 285 674 829 878 49 145 915 532 824 153 820 370 13 462 582 25 209 768 292 915 754 48 519 295 751 579 468 576 90 523 313 525 286 564 738 961 167 445 339 634 564 95 694 100 967 679 594 467 935 880 366 71 580 354 173 340 176 446 871 20 694 305 25 487 229 895 138 249 752 216 316 149 449 558 144 960 51 614 750 526 499 957 614 700 760 525 118 15 3 307 338 896 833 618 214 665 663 
599 599 359 58 318 462 464 323 702 675 29 314 451 178 580 508 87 7 984 971 122 108 64 705 387 756 505 91 667 85 218 253 966 979 569 676 923 570 38 903 54 414 875 651 938 914 761 92 205 702 707 387 183 14 306 279 316 537 600 2 430 624 235 929 933 612 285 735 499 544 631 433 413 805 514 723 788 490 870 342 900 797 82 532 229 706 182 927 765 34 625 814 780 203 967 46 519 457 354 432 
125 16 938 816 161 934 350 356 987 920 622 546 795 645 544 128 223 738 588 434 219 354 83 474 344 494 735 983 890 59 35 62 895 231 231 748 458 85 826 550 968 715 469 280 493 179 433 210 209 530 96 212 427 811 117 348 797 693 901 41 191 874 466 461 359 165 458 114 999 89 465 169 515 396 820 882 207 862 658 803 986 384 569 80 57 142 194 663 341 617 203 468 282 691 391 355 911 597 987 942 
794 962 559 323 634 265 707 775 776 248 253 781 833 654 881 335 945 892 683 417 55 945 624 67 667 371 556 676 355 260 272 463 24 361 26 708 862 355 100 314 862 237 777 757 236 190 602 665 11 565 899 109 798 568 897 399 686 325 783 527 629 918 230 711 314 268 97 52 524 494 558 927 776 52 755 266 297 252 276 527 142 748 321 871 720 341 28 559 825 307 711 842 839 878 516 204 873 42 663 780 
447 682 649 672 673 522 987 818 781 695 260 630 331 346 255 727 738 691 49 494 877 448 306 563 992 981 895 205 267 893 271 313 495 375 758 148 749 841 627 8 258 799 127 863 869 558 777 34 795 983 508 683 314 442 31 805 378 692 991 482 56 302 81 938 929 674 764 806 929 919 421 537 463 382 625 845 537 686 522 28 568 350 810 128 792 575 687 742 812 346 702 96 291 482 279 911 412 934 301 791 
399 960 197 422 379 154 160 368 319 905 334 253 725 111 449 689 630 728 187 957 220 308 34 444 378 209 655 14 339 128 285 582 883 63 445 908 975 291 190 522 81 314 344 790 482 798 73 604 112 42 114 692 707 137 683 926 957 474 735 360 230 406 189 980 285 284 617 492 862 236 914 607 873 707 189 359 862 173 647 469 464 240 377 229 39 14 771 443 782 559 47 17 421 280 768 898 63 141 927 495 
63 374 675 523 593 502 105 14 454 787 81 180 434 354 97 988 107 605 519 419 664 305 554 986 925 82 458 76 546 764 38 762 269 357 778 881 169 13 124 746 182 447 750 249 95 381 832 394 10 646 107 235 326 636 558 329 753 616 298 288 490 209 713 884 955 798 54 722 353 612 485 697 291 723 257 632 215 902 122 32 719 938 741 420 615 339 254 245 324 766 555 740 680 526 447 149 684 399 478 543 
736 704 315 357 60 129 178 404 340 425 473 630 2 855 847 10 981 124 634 396 310 600 601 166 230 420 991 792 991 328 510 73 783 700 681 855 311 130 110 69 331 307 797 813 335 335 288 626 693 304 258 924 221 19 357 242 793 152 614 868 665 254 281 781 271 670 63 555 178 723 178 72 892 778 0 470 141 345 560 222 236 637 406 512 714 433 413 490 210 699 953 776 537 713 479 928 692 329 967 412 
494 799 889 153 424 711 774 191 484 718 879 678 986 458 726 624 272 392 691 414 41 227 125 256 673 495 438 101 733 956 265 616 842 551 952 222 770 485 581 143 355 862 27 303 633 903 125 79 96 597 91 832 113 103 671 560 549 893 111 422 995 198 794 922 616 814 555 64 465 713 554 664 676 71 896 793 609 483 543 575 839 667 557 348 370 519 770 72 873 7 231 670 84 145 358 569 331 706 388 10 
158 936 475 254 888 717 937 998 944 231 938 46 24 104 122 782 733 589 976 635 470 418 160 458 885 117 820 82 842 461 492 240 255 815 844 90 868 669 171 719 906 578 105 791 113 30 237 114 514 198 488 294 264 216 704 986 235 767 365 483 504 764 488 479 653 518 761 30 571 907 787 778 611 921 806 599 540 332 956 400 827 518 797 837 7 341 961 945 766 162 165 392 793 569 941 486 526 668 927 584 
669 509 264 802 733 902 900 156 303 684 601 606 701 770 378 385 91 683 95 99 187 163 856 168 478 990 913 553 190 570 147 997 866 497 666 94 249 241 661 913 921 779 716 236 233 336 997 443 131 6 515 173 853 232 411 326 293 244 285 308 180 423 826 559 806 890 712 833 112 149 370 323 396 986 75 268 914 18 303 388 50 16 389 4 262 320 599 149 599 63 65 875 910 513 658 529 553 225 878 438 
627 472 87 885 647 572 533 581 251 970 430 877 494 251 80 748 658 904 726 875 792 153 720 478 960 824 976 573 424 906 989 265 934 421 590 691 803 59 719 579 599 576 989 234 438 160 733 885 401 16 314 809 35 169 307 455 852 558 884 54 903 992 443 541 275 189 398 851 596 198 543 498 617 207 627 214 94 267 550 840 147 674 788 350 991 491 878 818 591 552 45 645 595 141 615 594 388 627 730 534 
557 952 949 495 382 542 557 79 794 170 789 997 522 396 263 973 143 139 484 61 569 237 167 795 395 501 748 430 810 386 143 720 909 155 540 420 678 679 314 536 132 849 327 893 853 607 766 722 238 294 782 989 172 478 840 554 839 554 270 394 846 189 108 488 744 221 467 44 239 111 502 251 775 359 576 412 312 973 234 832 902 406 253 172 10 736 246 553 51 35 812 366 119 147 993 932 195 910 83 541 
821 242 595 888 365 204 138 217 655 321 540 787 141 675 386 283 849 509 744 173 462 969 70 938 374 404 709 757 102 299 312 361 19 227 300 229 289 567 609 984 228 335 36 992 557 564 982 73 418 981 370 560 970 816 236 47 401 224 687 605 139 565 408 837 819 680 667 289 321 60 38 610 474 774 889 434 66 753 751 999 194 496 894 539 740 598 246 35 854 98 260 275 653 640 220 300 602 228 497 611 
840 933 88 171 176 592 12 654 499 776 643 555 328 415 51 113 891 157 95 702 946 337 713 397 443 937 302 977 802 838 684 471 810 67 4 531 744 709 424 254 121 201 32 403 89 432 485 885 476 326 148 257 457 299 255 687 155 289 803 693 406 346 643 793 23 264 615 201 577 768 396 363 538 579 982 280 951 524 178 912 331 638 147 524 19 970 526 373 28 623 428 175 129 295 70 890 595 214 217 473 
818 365 678 200 455 240 594 68 423 562 729 618 451 205 633 319 525 915 523 626 283 786 879 828 280 623 854 461 516 309 597 429 657 967 978 137 863 573 990 518 676 16 410 919 372 852 318 971 687 989 32 885 40 753 313 20 921 790 807 298 929 919 867 990 275 262 233 44 294 790 990 786 443 733 980 441 948 995 123 351 394 535 802 140 182 59 24 761 211 863 231 636 607 188 809 545 221 668 631 444 
495 554 563 946 299 556 83 291 385 822 957 28 849 72 821 542 636 430 815 335 462 428 618 400 838 368 70 664 891 368 312 731 932 992 872 728 896 202 660 69 740 960 780 176 582 376 408 186 965 171 815 180 652 629 427 20 776 635 482 626 876 102 359 61 100 563 430 121 895 925 467 594 800 367 464 66 422 644 607 73 335 4 530 539 820 583 910 426 697 145 988 322 122 949 660 256 320 344 230 585 
301 408 670 916 373 767 975 833 321 955 946 462 778 768 325 162 638 910 555 23 181 742 951 659 577 862 795 647 759 902 103 379 310 342 300 69 669 177 623 61 493 751 726 341 15 850 492 7 170 650 363 780 11 345 174 575 462 893 581 579 634 432 561 83 873 703 712 835 923 351 427 850 386 173 153 370 800 872 805 460 400 547 654 540 48 943 766 319 875 651 501 393 180 507 354 271 630 590 811 874 
348 352 914 287 374 816 687 181 662 533 959 424 66 515 796 182 23 154 849 986 786 14 948 555 157 829 432 986 261 615 182 194 223 770 922 623 390 354 641 491 213 166 859 874 734 250 128 253 713 389 661 191 301 171 792 336 20 192 499 735 390 525 944 818 863 405 658 473 723 421 100 653 491 811 761 842 397 566 40 903 53 147 375 644 804 803 390 715 283 62 285 382 245 187 576 159 361 546 49 576 
440 753 464 548 82 235 599 32 860 121 746 818 749 680 231 947 673 279 981 386 16 716 76 573 150 448 72 329 686 949 253 162 968 923 541 632 56 782 371 412 155 176 174 301 310 753 177 710 273 343 829 692 375 65 123 390 112 333 587 359 170 982 689 125 138 196 115 337 413 685 811 626 879 602 377 695 89 647 567 847 407 159 608 635 45 558 767 536 616 22 788 632 742 25 888 975 931 865 936 306 
623 351 581 287 956 70 582 99 257 217 566 418 402 698 566 341 789 578 578 34 49 303 318 634 637 849 472 271 492 1 477 444 94 963 391 797 924 632 527 250 211 123 774 85 870 825 868 701 383 124 85 371 393 120 379 969 101 309 641 181 13 527 189 665 861 523 995 539 569 16 321 272 46 898 322 426 171 911 736 236 208 260 636 589 666 519 184 739 913 187 848 659 337 671 135 293 760 713 391 690 
55 946 150 125 47 361 1 159 537 528 599 115 212 770 379 41 426 266 953 294 248 170 476 37 10 784 387 956 963 896 573 820 477 117 826 529 224 935 114 852 233 801 204 401 233 551 855 181 713 351 239 44 619 79 99 458 178 295 11 713 262 147 537 914 402 628 479 700 749 580 231 878 540 67 456 375 432 47 560 341 701 407 119 453 530 641 759 973 876 681 552 241 470 528 126 914 625 129 269 989 
6 492 1000 852 570 964 70 616 337 581 499 750 42 392 227 743 612 611 932 491 866 631 771 638 670 940 120 497 588 650 164 641 829 605 389 931 327 564 865 375 892 454 625 622 24 825 365 891 9 898 171 587 415 192 59 323 824 697 670 136 610 904 85 437 351 973 506 585 775 281 987 432 510 75 0 34 731 825 974 225 337 171 868 299 870 620 215 61 828 888 359 429 292 811 272 807 570 394 544 125 
961 337 576 627 85 595 131 750 662 391 118 721 983 718 229 589 833 56 588 750 749 916 973 194 776 876 293 361 595 485 271 855 298 528 536 720 753 704 503 371 624 166 113 609 772 533 818 194 240 646 118 160 241 240 618 597 431 243 117 36 704 48 820 213 735 639 138 583 233 348 432 600 259 357 706 200 162 927 365 573 678 683 632 820 357 103 301 341 410 326 495 179 922 939 540 643 216 759 521 932 
413 47 50 202 811 398 414 469 216 703 967 52 206 187 536 206 435 985 71 802 736 801 360 815 365 344 890 32 747 413 290 47 84 376 906 145 365 112 213 289 205 766 293 379 359 644 280 104 806 579 455 817 989 450 905 597 405 933 508 728 511 760 231 958 809 76 166 415 162 133 695 941 789 498 515 308 635 121 24 312 425 303 39 828 16 968 389 17 278 125 945 249 992 345 780 178 96 167 182 608 
164 949 500 968 967 212 365 554 348 471 886 217 372 976 240 863 927 454 599 54 86 659 227 209 366 292 14 204 84 493 250 322 125 544 745 850 364 995 700 58 112 30 464 983 627 182 934 7 761 978 888 79 752 866 59 793 264 818 573 338 746 823 635 92 762 693 740 753 731 351 508 816 338 412 803 426 662 67 275 617 152 817 668 994 270 250 432 773 996 490 494 202 224 104 371 850 313 161 861 232 
314 583 661 544 898 385 112 108 337 782 52 483 520 806 635 451 284 349 420 549 751 769 25 591 361 894 21 522 202 607 49 155 359 734 748 821 217 837 745 489 935 339 946 595 157 759 481 550 884 676 606 494 960 373 897 959 483 623 636 559 811 557 157 775 569 767 154 170 736 409 78 461 919 16 986 632 515 926 832 66 357 516 228 1 474 86 512 519 586 147 832 157 531 88 812 612 136 923 471 412 
25437 24889 25050 23675 24688 24182 25902 28151 22490 23106 23582 25034 27184 23397 27515 24537 24075 22789 27444 25634 26855 24192 24204 23333 22462 26294 24906 22346 25043 25509 
