100 30 30
302 716 352 630 415 210 595 262 344 367 594 537 603 181 550 550 296 219 141 604 504 545 436 676 486 464 491 488 500 266 355 301 607 420 102 300 262 385 434 699 366 305 354 674 438 536 258 451 590 445 449 158 389 751 338 133 705 590 563 318 581 268 533 277 346 532 547 213 526 616 385 550 457 490 275 319 363 320 621 457 638 628 162 598 489 297 516 362 148 467 653 408 550 538 376 360 427 459 294 219 
152 37 364 953 602 474 459 592 896 789 799 518 50 255 220 246 340 895 769 447 530 922 850 208 221 576 169 412 144 78 68 750 473 474 268 403 400 467 66 161 865 484 786 403 537 524 509 914 251 879 816 515 839 834 126 115 871 25 478 354 697 345 676 170 555 620 720 983 498 703 656 51 457 142 406 41 266 818 74 69 669 128 766 557 428 465 36 642 2 41 288 589 423 192 716 954 333 50 207 373 
279 967 293 991 334 169 212 310 99 890 796 167 260 225 509 853 447 648 317 391 320 887 632 139 106 342 357 116 199 820 714 148 967 675 920 915 314 296 716 611 278 427 435 480 911 771 426 506 194 150 120 168 520 683 37 621 370 913 951 114 233 843 793 478 395 178 130 39 436 728 462 472 810 285 398 184 894 685 400 982 500 372 711 527 986 566 832 707 680 961 962 378 203 46 955 354 393 692 394 253 
196 764 793 781 311 953 974 503 938 135 341 336 733 649 536 994 790 688 305 733 35 710 733 622 566 374 209 895 171 906 66 188 474 945 477 785 701 855 795 565 530 378 658 751 405 485 851 306 692 519 776 90 274 785 489 460 768 90 363 583 472 139 375 988 679 905 852 558 741 349 444 10 773 686 23 469 29 17 329 712 677 318 828 68 776 978 870 789 875 243 952 488 880 111 668 701 602 524 516 299 
725 662 82 221 997 113 835 392 492 853 58 130 648 354 774 10 58 248 91 945 710 128 778 276 51 15 471 422 259 233 262 800 791 719 285 24 986 502 295 714 218 695 702 761 965 221 958 619 641 723 785 776 786 898 134 201 946 907 889 689 354 16 217 676 146 850 740 985 978 242 331 521 703 722 340 13 676 527 987 497 886 700 1000 570 765 951 887 649 595 242 210 12 279 874 471 441 303 551 16 418 
366 512 902 727 283 739 933 270 517 431 966 531 992 338 592 127 73 242 555 362 872 716 833 881 882 126 373 429 148 717 97 73 767 37 697 370 598 956 553 124 449 877 263 504 695 38 600 687 517 737 763 141 952 354 271 294 468 573 310 338 803 948 311 216 252 563 436 315 361 53 688 911 119 362 973 793 339 63 177 2 897 724 95 914 84 883 684 156 260 870 624 222 530 941 401 549 813 386 102 786 
355 805 705 710 327 630 994 367 572 614 890 264 165 276 630 737 586 968 880 188 938 689 996 730 363 863 456 289 899 353 409 903 204 460 548 811 865 279 715 784 115 290 652 944 265 480 249 722 852 136 778 780 638 487 530 103 710 515 979 860 644 328 98 306 68 131 883 709 213 392 27 733 991 859 23 420 62 744 792 341 344 620 715 533 416 736 129 939 745 400 587 662 410 960 644 531 180 865 180 411 
771 598 80 262 296 258 443 115 339 725 666 962 600 51 834 327 785 994 962 967 485 655 312 71 708 216 85 242 378 415 96 367 700 851 523 707 734 590 231 892 640 167 704 473 460 461 768 250 480 840 925 203 787 815 530 207 42 81 654 391 808 860 630 303 7 351 35 836 545 128 356 825 661 61 842 962 834 819 189 830 157 863 945 95 42 352 496 398 68 322 614 593 149 521 200 853 460 617 794 473 
42 775 898 264 18 487 207 36 244 260 953 643 392 978 215 379 250 675 651 948 666 795 263 522 689 349 331 695 283 185 470 34 375 372 584 234 88 6 192 201 744 553 27 401 753 646 655 151 180 56 779 137 637 301 623 745 20 696 434 182 853 144 535 63 234 694 791 271 397 497 221 784 696 401 28 631 729 45 985 403 206 469 775 989 4 799 214 117 575 619 563 179 768 133 886 464 914 149 471 120 
931 624 214 240 835 677 451 535 262 511 116 182 546 525 720 503 479 426 126 392 89 573 655 756 318 41 523 965 247 314 759 267 361 604 586 618 666 420 906 288 218 787 297 898 183 533 38 889 694 174 637 448 370 647 526 730 710 843 406 653 442 701 672 409 816 669 786 559 531 70 415 577 452 777 967 86 941 439 568 330 273 49 59 686 530 864 871 357 144 764 990 210 938 453 338 986 110 602 989 293 
848 468 346 300 973 330 135 337 252 123 495 985 225 613 970 939 289 185 499 173 741 347 765 442 86 418 532 646 517 739 172 949 336 158 485 559 11 381 1 141 316 96 651 527 317 210 208 93 903 201 170 386 307 920 712 751 8 308 911 13 764 433 39 480 91 546 494 203 720 651 333 40 174 806 284 69 701 967 342 165 237 440 451 484 108 828 82 359 128 541 243 991 963 587 22 660 441 283 382 825 
475 643 858 243 937 870 217 465 289 797 739 995 154 831 560 626 95 198 385 388 12 930 944 619 986 890 888 162 626 574 108 455 804 645 105 15 557 71 459 780 145 162 728 783 430 702 126 486 212 15 862 780 462 461 845 219 393 813 598 482 119 405 441 870 995 730 562 210 754 594 593 54 254 313 205 89 609 84 896 943 251 974 320 840 652 286 355 854 897 381 144 244 535 320 101 590 720 58 284 581 
624 22 157 608 126 280 257 833 540 409 492 388 533 92 992 696 832 955 297 795 969 633 781 896 258 102 383 575 108 732 288 936 32 644 28 896 659 415 774 527 677 510 419 655 64 936 678 140 785 191 377 756 465 697 262 13 48 167 233 297 278 248 854 211 984 379 201 423 436 550 369 275 782 618 828 550 6 90 442 252 904 112 177 959 465 182 835 229 665 868 9 436 502 815 293 702 722 315 82 669 
34 838 229 772 918 669 752 395 974 459 307 8 347 310 393 374 505 15 779 839 246 652 647 648 508 728 646 761 629 245 960 785 411 751 960 612 525 232 335 180 577 427 330 440 420 473 139 407 274 909 639 195 230 744 36 565 712 299 985 404 858 289 3 437 57 8 739 442 811 579 369 178 573 465 598 476 426 994 405 211 219 127 687 240 361 927 640 563 219 625 877 703 167 573 258 32 74 113 238 805 
57 845 293 101 180 597 929 636 45 665 295 914 939 950 227 584 223 458 803 457 123 354 156 858 622 92 654 186 792 659 856 535 382 102 892 174 300 96 401 263 725 677 563 620 725 209 290 889 240 992 52 345 906 917 379 892 590 3 231 954 995 717 562 126 977 591 134 59 63 17 358 831 523 926 71 410 86 288 709 412 837 585 28 994 807 298 677 191 47 636 213 442 921 448 748 899 341 719 562 397 
981 272 874 171 797 173 100 338 455 820 275 770 580 998 715 683 683 498 136 265 505 487 935 424 964 259 909 767 39 63 905 340 324 486 587 170 749 649 273 437 257 757 349 705 575 855 280 902 916 836 109 452 316 219 77 190 506 879 966 536 480 62 235 16 54 371 98 382 882 683 399 714 531 601 251 786 997 483 236 881 508 113 212 446 137 128 505 466 317 51 639 535 377 396 39 456 513 654 502 413 
4 842 862 155 77 875 565 709 94 842 511 61 985 752 92 537 463 983 425 725 460 839 911 524 745 378 150 278 575 847 464 232 532 23 461 719 383 112 138 458 955 828 144 626 493 889 358 907 862 647 230 183 80 324 496 87 976 184 584 233 495 15 608 168 184 129 878 110 90 706 83 217 203 739 57 969 936 749 649 261 438 225 887 265 847 602 135 632 462 996 933 353 754 541 589 139 218 392 670 471 
596 529 776 690 301 804 583 456 368 804 871 967 135 148 550 369 587 623 71 231 971 97 204 109 286 521 25 194 265 517 280 460 455 772 320 477 19 657 637 968 303 381 190 986 506 857 177 640 347 54 806 476 808 932 54 255 181 909 865 437 261 839 794 939 906 643 852 234 501 330 313 593 707 752 502 636 102 119 216 894 95 412 341 623 116 656 482 213 750 438 488 868 446 399 645 750 413 671 772 281 
121 789 820 91 6 582 737 294 851 174 389 763 255 467 708 519 343 818 137 153 529 326 604 311 365 332 681 475 128 632 207 993 632 173 245 806 776 478 317 231 985 895 901 783 708 539 434 838 777 836 315 217 670 644 886 950 937 15 397 140 892 620 318 108 859 479 326 449 583 672 699 313 272 322 3 233 20 963 776 379 10 598 424 294 853 481 270 561 618 687 866 47 232 517 529 721 697 950 909 782 
916 110 298 227 624 197 894 139 449 163 557 533 475 158 519 248 679 708 187 48 168 756 112 941 900 987 992 519 810 687 490 772 952 821 99 325 954 363 117 732 938 812 795 54 371 439 769 616 899 982 638 138 187 335 966 542 568 477 890 320 7 964 679 594 322 623 278 247 781 129 864 755 655 901 72 516 809 63 758 980 257 510 47 689 883 400 213 314 596 756 672 994 862 221 498 938 882 115 579 760 
929 441 441 858 689 671 700 392 368 54 181 365 185 285 405 611 697 94 981 161 568 839 745 310 561 601 315 163 640 914 473 226 62 411 334 735 582 681 721 979 533 604 615 539 571 82 433 482 980 33 46 35 989 294 854 861 55 576 684 676 829 955 697 131 381 86 840 292 336 276 741 395 561 306 748 710 688 229 883 164 84 929 63 24 586 474 935 597 672 627 499 558 831 727 482 789 692 914 206 871 
102 583 97 425 781 688 219 365 103 839 2 187 737 432 33 264 239 50 188 63 44 329 536 634 792 197 326 102 341 744 25 97 792 282 388 909 128 445 477 666 232 40 767 133 435 891 675 99 820 711 380 163 339 195 221 702 239 422 755 871 279 591 537 35 702 70 943 815 74 905 154 52 251 46 954 179 515 988 518 80 122 928 704 161 102 672 856 539 461 241 257 721 994 176 862 491 121 194 890 935 
395 333 226 403 488 323 835 166 920 411 738 505 391 725 920 681 644 840 394 897 360 278 890 866 815 314 231 482 256 455 852 189 243 160 84 574 263 887 945 220 362 710 159 877 797 143 515 403 885 948 130 272 602 174 900 883 372 294 293 536 770 668 951 321 307 219 233 167 49 769 549 598 161 840 716 443 731 542 10 903 49 180 9 832 769 120 103 708 907 35 807 853 250 202 568 971 578 509 56 988 
773 858 710 916 405 455 530 197 505 529 885 348 200 119 159 561 903 397 277 869 427 393 183 681 269 208 354 66 656 199 354 359 587 985 221 382 327 611 529 801 423 568 955 500 171 517 748 579 963 996 228 254 780 625 707 172 556 623 683 200 677 624 271 806 563 374 370 796 925 996 824 200 174 604 229 710 169 527 663 286 134 998 28 343 422 387 779 990 296 702 500 788 385 288 599 298 694 194 245 318 
273 771 408 779 437 132 979 457 938 236 369 290 286 266 247 975 578 37 681 542 896 181 941 69 61 328 241 315 730 468 429 467 282 960 385 432 812 968 509 47 598 364 978 942 981 912 947 584 542 570 643 678 684 653 941 949 824 584 54 81 577 469 235 357 937 290 738 496 123 410 386 678 733 104 249 36 466 905 225 729 988 143 169 757 676 957 933 618 97 294 934 261 58 788 7 459 524 121 868 819 
578 839 907 840 376 976 55 642 213 692 440 25 355 86 253 810 344 718 613 933 378 332 728 29 525 801 584 300 405 982 519 689 914 657 399 683 21 507 684 506 614 810 914 218 155 895 693 919 849 879 404 271 771 810 629 234 179 133 839 610 11 568 850 138 249 815 919 416 542 321 999 882 518 42 765 411 509 233 474 834 574 169 299 206 146 167 477 3 746 264 372 99 382 280 902 942 161 818 323 607 
882 747 49 4 691 725 609 299 71 164 923 820 55 563 714 835 985 316 991 442 340 153 47 681 790 613 291 317 217 417 427 720 521 744 226 542 895 746 327 171 803 921 17 814 820 357 401 150 303 800 540 326 64 80 759 322 419 1000 353 990 601 685 614 739 780 209 105 449 809 10 63 444 808 671 380 566 549 168 71 967 724 99 604 943 942 110 900 583 990 344 999 899 490 477 461 80 817 437 607 350 
801 740 921 356 422 447 980 965 378 91 236 998 408 862 542 92 686 90 592 384 525 109 22 955 514 434 344 215 330 893 532 915 696 176 340 508 126 752 968 947 668 543 602 243 355 368 364 247 465 653 985 542 122 768 397 45 995 979 134 208 854 976 96 953 772 111 953 92 166 723 609 352 930 491 207 598 406 834 955 623 901 518 264 391 717 656 678 35 172 856 200 787 229 486 90 320 463 352 424 428 
632 895 511 68 668 152 284 551 400 643 86 411 308 349 341 932 84 46 831 299 741 290 710 200 904 856 491 312 192 28 680 428 683 508 465 423 538 61 865 949 89 348 403 548 685 435 623 989 1000 609 168 119 623 360 791 359 93 221 154 736 303 282 146 828 551 203 376 953 421 539 477 466 225 132 435 179 489 80 551 514 618 418 955 821 888 395 604 999 622 118 281 74 365 811 510 28 540 252 795 242 
883 689 377 669 168 115 358 654 94 602 828 514 929 248 30 406 834 506 37 450 618 18 253 85 864 94 724 948 259 629 388 9 414 167 388 413 583 122 227 606 870 876 888 663 157 507 881 154 444 894 546 166 49 258 801 969 978 627 235 404 155 481 697 256 261 414 296 220 204 536 211 339 335 323 193 920 438 540 878 18 390 470 778 197 188 645 531 669 338 763 988 339 979 813 915 958 288 885 147 432 
841 286 126 670 235 386 703 372 445 91 267 460 568 2 950 181 841 851 236 107 32 566 726 987 325 339 881 66 352 357 21 986 373 91 435 621 234 822 644 237 152 302 712 921 259 43 469 119 730 253 516 945 836 186 922 242 321 939 780 206 995 621 728 947 753 680 947 192 450 641 502 554 377 24 455 49 269 625 312 372 38 90 922 521 215 794 312 58 469 892 212 584 451 790 106 201 3 644 654 897 
22714 24862 27746 26132 25072 27537 25033 22093 25823 21638 25103 23826 23975 24770 24044 24335 24925 25729 27273 26059 21428 25148 25306 26163 25799 25927 25822 23327 23998 23456 
556 111 163 457 614 182 896 226 575 580 739 666 841 714 141 765 208 184 332 55 171 378 275 731 15 807 974 938 59 627 629 788 573 38 533 205 523 887 103 985 511 688 731 939 713 43 303 577 768 199 644 631 987 415 860 915 719 663 471 911 373 412 273 643 755 146 90 67 405 591 505 532 539 394 462 641 554 585 956 585 130 660 237 62 699 360 716 113 636 838 34 907 361 629 405 174 187 483 868 934 
413 63 111 312 888 650 111 279 890 995 81 989 623 449 486 398 153 598 253 842 189 540 608 638 60 75 687 476 350 409 463 989 959 968 650 603 879 960 21 729 92 56 63 109 914 888 679 413 568 871 28 57 216 795 356 536 91 21 994 334 300 470 326 837 292 783 641 505 292 123 605 72 21 463 393 428 911 729 612 731 247 960 793 938 192 78 145 655 286 748 479 605 614 551 357 598 605 793 939 742 
907 75 488 485 227 292 519 362 618 499 876 360 6 906 220 897 566 96 10 504 93 274 568 413 863 185 783 325 881 866 138 608 690 431 432 930 851 174 457 650 104 927 944 454 338 381 70 484 172 922 752 869 816 976 177 759 105 849 904 958 631 251 651 113 101 653 645 57 272 945 692 5 814 665 757 193 266 984 363 38 52 565 327 974 581 88 778 804 244 961 253 299 684 676 11 715 381 847 271 7 
547 859 25 285 674 829 878 49 145 915 532 824 153 820 370 13 462 582 25 209 768 292 915 754 48 519 295 751 579 468 576 90 523 313 525 286 564 738 961 167 445 339 634 564 95 694 100 967 679 594 467 935 880 366 71 580 354 173 340 176 446 871 20 694 305 25 487 229 895 138 249 752 216 316 149 449 558 144 960 51 614 750 526 499 957 614 700 760 525 118 15 3 307 338 896 833 618 214 665 663 
599 599 359 58 318 462 464 323 702 675 29 314 451 178 580 508 87 7 984 971 122 108 64 705 387 756 505 91 667 85 218 253 966 979 569 676 923 570 38 903 54 414 875 651 938 914 761 92 205 702 707 387 183 14 306 279 316 537 600 2 430 624 235 929 933 612 285 735 499 544 631 433 413 805 514 723 788 490 870 342 900 797 82 532 229 706 182 927 765 34 625 814 780 203 967 46 519 457 354 432 
125 16 938 816 161 934 350 356 987 920 622 546 795 645 544 128 223 738 588 434 219 354 83 474 344 494 735 983 890 59 35 62 895 231 231 748 458 85 826 550 968 715 469 280 493 179 433 210 209 530 96 212 427 811 117 348 797 693 901 41 191 874 466 461 359 165 458 114 999 89 465 169 515 396 820 882 207 862 658 803 986 384 569 80 57 142 194 663 341 617 203 468 282 691 391 355 911 597 987 942 
794 962 559 323 634 265 707 775 776 248 253 781 833 654 881 335 945 892 683 417 55 945 624 67 667 371 556 676 355 260 272 463 24 361 26 708 862 355 100 314 862 237 777 757 236 190 602 665 11 565 899 109 798 568 897 399 686 325 783 527 629 918 230 711 314 268 97 52 524 494 558 927 776 52 755 266 297 252 276 527 142 748 321 871 720 341 28 559 825 307 711 842 839 878 516 204 873 42 663 780 
447 682 649 672 673 522 987 818 781 695 260 630 331 346 255 727 738 691 49 494 877 448 306 563 992 981 895 205 267 893 271 313 495 375 758 148 749 841 627 8 258 799 127 863 869 558 777 34 795 983 508 683 314 442 31 805 378 692 991 482 56 302 81 938 929 674 764 806 929 919 421 537 463 382 625 845 537 686 522 28 568 350 810 128 792 575 687 742 812 346 702 96 291 482 279 911 412 934 301 791 
399 960 197 422 379 154 160 368 319 905 334 253 725 111 449 689 630 728 187 957 220 308 34 444 378 209 655 14 339 128 285 582 883 63 445 908 975 291 190 522 81 314 344 790 482 798 73 604 112 42 114 692 707 137 683 926 957 474 735 360 230 406 189 980 285 284 617 492 862 236 914 607 873 707 189 359 862 173 647 469 464 240 377 229 39 14 771 443 782 559 47 17 421 280 768 898 63 141 927 495 
63 374 675 523 593 502 105 14 454 787 81 180 434 354 97 988 107 605 519 419 664 305 554 986 925 82 458 76 546 764 38 762 269 357 778 881 169 13 124 746 182 447 750 249 95 381 832 394 10 646 107 235 326 636 558 329 753 616 298 288 490 209 713 884 955 798 54 722 353 612 485 697 291 723 257 632 215 902 122 32 719 938 741 420 615 339 254 245 324 766 555 740 680 526 447 149 684 399 478 543 
736 704 315 357 60 129 178 404 340 425 473 630 2 855 847 10 981 124 634 396 310 600 601 166 230 420 991 792 991 328 510 73 783 700 681 855 311 130 110 69 331 307 797 813 335 335 288 626 693 304 258 924 221 19 357 242 793 152 614 868 665 254 281 781 271 670 63 555 178 723 178 72 892 778 0 470 141 345 560 222 236 637 406 512 714 433 413 490 210 699 953 776 537 713 479 928 692 329 967 412 
494 799 889 153 424 711 774 191 484 718 879 678 986 458 726 624 272 392 691 414 41 227 125 256 673 495 438 101 733 956 265 616 842 551 952 222 770 485 581 143 355 862 27 303 633 903 125 79 96 597 91 832 113 103 671 560 549 893 111 422 995 198 794 922 616 814 555 64 465 713 554 664 676 71 896 793 609 483 543 575 839 667 557 348 370 519 770 72 873 7 231 670 84 145 358 569 331 706 388 10 
158 936 475 254 888 717 937 998 944 231 938 46 24 104 122 782 733 589 976 635 470 418 160 458 885 117 820 82 842 461 492 240 255 815 844 90 868 669 171 719 906 578 105 791 113 30 237 114 514 198 488 294 264 216 704 986 235 767 365 483 504 764 488 479 653 518 761 30 571 907 787 778 611 921 806 599 540 332 956 400 827 518 797 837 7 341 961 945 766 162 165 392 793 569 941 486 526 668 927 584 
669 509 264 802 733 902 900 156 303 684 601 606 701 770 378 385 91 683 95 99 187 163 856 168 478 990 913 553 190 570 147 997 866 497 666 94 249 241 661 913 921 779 716 236 233 336 997 443 131 6 515 173 853 232 411 326 293 244 285 308 180 423 826 559 806 890 712 833 112 149 370 323 396 986 75 268 914 18 303 388 50 16 389 4 262 320 599 149 599 63 65 875 910 513 658 529 553 225 878 438 
627 472 87 885 647 572 533 581 251 970 430 877 494 251 80 748 658 904 726 875 792 153 720 478 960 824 976 573 424 906 989 265 934 421 590 691 803 59 719 579 599 576 989 234 438 160 733 885 401 16 314 809 35 169 307 455 852 558 884 54 903 992 443 541 275 189 398 851 596 198 543 498 617 207 627 214 94 267 550 840 147 674 788 350 991 491 878 818 591 552 45 645 595 141 615 594 388 627 730 534 
557 952 949 495 382 542 557 79 794 170 789 997 522 396 263 973 143 139 484 61 569 237 167 795 395 501 748 430 810 386 143 720 909 155 540 420 678 679 314 536 132 849 327 893 853 607 766 722 238 294 782 989 172 478 840 554 839 554 270 394 846 189 108 488 744 221 467 44 239 111 502 251 775 359 576 412 312 973 234 832 902 406 253 172 10 736 246 553 51 35 812 366 119 147 993 932 195 910 83 541 
821 242 595 888 365 204 138 217 655 321 540 787 141 675 386 283 849 509 744 173 462 969 70 938 374 404 709 757 102 299 312 361 19 227 300 229 289 567 609 984 228 335 36 992 557 564 982 73 418 981 370 560 970 816 236 47 401 224 687 605 139 565 408 837 819 680 667 289 321 60 38 610 474 774 889 434 66 753 751 999 194 496 894 539 740 598 246 35 854 98 260 275 653 640 220 300 602 228 497 611 
840 933 88 171 176 592 12 654 499 776 643 555 328 415 51 113 891 157 95 702 946 337 713 397 443 937 302 977 802 838 684 471 810 67 4 531 744 709 424 254 121 201 32 403 89 432 485 885 476 326 148 257 457 299 255 687 155 289 803 693 406 346 643 793 23 264 615 201 577 768 396 363 538 579 982 280 951 524 178 912 331 638 147 524 19 970 526 373 28 623 428 175 129 295 70 890 595 214 217 473 
818 365 678 200 455 240 594 68 423 562 729 618 451 205 633 319 525 915 523 626 283 786 879 828 280 623 854 461 516 309 597 429 657 967 978 137 863 573 990 518 676 16 410 919 372 852 318 971 687 989 32 885 40 753 313 20 921 790 807 298 929 919 867 990 275 262 233 44 294 790 990 786 443 733 980 441 948 995 123 351 394 535 802 140 182 59 24 761 211 863 231 636 607 188 809 545 221 668 631 444 
495 554 563 946 299 556 83 291 385 822 957 28 849 72 821 542 636 430 815 335 462 428 618 400 838 368 70 664 891 368 312 731 932 992 872 728 896 202 660 69 740 960 780 176 582 376 408 186 965 171 815 180 652 629 427 20 776 635 482 626 876 102 359 61 100 563 430 121 895 925 467 594 800 367 464 66 422 644 607 73 335 4 530 539 820 583 910 426 697 145 988 322 122 949 660 256 320 344 230 585 
301 408 670 916 373 767 975 833 321 955 946 462 778 768 325 162 638 910 555 23 181 742 951 659 577 862 795 647 759 902 103 379 310 342 300 69 669 177 623 61 493 751 726 341 15 850 492 7 170 650 363 780 11 345 174 575 462 893 581 579 634 432 561 83 873 703 712 835 923 351 427 850 386 173 153 370 800 872 805 460 400 547 654 540 48 943 766 319 875 651 501 393 180 507 354 271 630 590 811 874 
348 352 914 287 374 816 687 181 662 533 959 424 66 515 796 182 23 154 849 986 786 14 948 555 157 829 432 986 261 615 182 194 223 770 922 623 390 354 641 491 213 166 859 874 734 250 128 253 713 389 661 191 301 171 792 336 20 192 499 735 390 525 944 818 863 405 658 473 723 421 100 653 491 811 761 842 397 566 40 903 53 147 375 644 804 803 390 715 283 62 285 382 245 187 576 159 361 546 49 576 
440 753 464 548 82 235 599 32 860 121 746 818 749 680 231 947 673 279 981 386 16 716 76 573 150 448 72 329 686 949 253 162 968 923 541 632 56 782 371 412 155 176 174 301 310 753 177 710 273 343 829 692 375 65 123 390 112 333 587 359 170 982 689 125 138 196 115 337 413 685 811 626 879 602 377 695 89 647 567 847 407 159 608 635 45 558 767 536 616 22 788 632 742 25 888 975 931 865 936 306 
623 351 581 287 956 70 582 99 257 217 566 418 402 698 566 341 789 578 578 34 49 303 318 634 637 849 472 271 492 1 477 444 94 963 391 797 924 632 527 250 211 123 774 85 870 825 868 701 383 124 85 371 393 120 379 969 101 309 641 181 13 527 189 665 861 523 995 539 569 16 321 272 46 898 322 426 171 911 736 236 208 260 636 589 666 519 184 739 913 187 848 659 337 671 135 293 760 713 391 690 
55 946 150 125 47 361 1 159 537 528 599 115 212 770 379 41 426 266 953 294 248 170 476 37 10 784 387 956 963 896 573 820 477 117 826 529 224 935 114 852 233 801 204 401 233 551 855 181 713 351 239 44 619 79 99 458 178 295 11 713 262 147 537 914 402 628 479 700 749 580 231 878 540 67 456 375 432 47 560 341 701 407 119 453 530 641 759 973 876 681 552 241 470 528 126 914 625 129 269 989 
6 492 1000 852 570 964 70 616 337 581 499 750 42 392 227 743 612 611 932 491 866 631 771 638 670 940 120 497 588 650 164 641 829 605 389 931 327 564 865 375 892 454 625 622 24 825 365 891 9 898 171 587 415 192 59 323 824 697 670 136 610 904 85 437 351 973 506 585 775 281 987 432 510 75 0 34 731 825 974 225 337 171 868 299 870 620 215 61 828 888 359 429 292 811 272 807 570 394 544 125 
961 337 576 627 85 595 131 750 662 391 118 721 983 718 229 589 833 56 588 750 749 916 973 194 776 876 293 361 595 485 271 855 298 528 536 720 753 704 503 371 624 166 113 609 772 533 818 194 240 646 118 160 241 240 618 597 431 243 117 36 704 48 820 213 735 639 138 583 233 348 432 600 259 357 706 200 162 927 365 573 678 683 632 820 357 103 301 341 410 326 495 179 922 939 540 643 216 759 521 932 
413 47 50 202 811 398 414 469 216 703 967 52 206 187 536 206 435 985 71 802 736 801 360 815 365 344 890 32 747 413 290 47 84 376 906 145 365 112 213 289 205 766 293 379 359 644 280 104 806 579 455 817 989 450 905 597 405 933 508 728 511 760 231 958 809 76 166 415 162 133 695 941 789 498 515 308 635 121 24 312 425 303 39 828 16 968 389 17 278 125 945 249 992 345 780 178 96 167 182 608 
164 949 500 968 967 212 365 554 348 471 886 217 372 976 240 863 927 454 599 54 86 659 227 209 366 292 14 204 84 493 250 322 125 544 745 850 364 995 700 58 112 30 464 983 627 182 934 7 761 978 888 79 752 866 59 793 264 818 573 338 746 823 635 92 762 693 740 753 731 351 508 816 338 412 803 426 662 67 275 617 152 817 668 994 270 250 432 773 996 490 494 202 224 104 371 850 313 161 861 232 
314 583 661 544 898 385 112 108 337 782 52 483 520 806 635 451 284 349 420 549 751 769 25 591 361 894 21 522 202 607 49 155 359 734 748 821 217 837 745 489 935 339 946 595 157 759 481 550 884 676 606 494 960 373 897 959 483 623 636 559 811 557 157 775 569 767 154 170 736 409 78 461 919 16 986 632 515 926 832 66 357 516 228 1 474 86 512 519 586 147 832 157 531 88 812 612 136 923 471 412 
25437 24889 25050 23675 24688 24182 25902 28151 22490 23106 23582 25034 27184 23397 27515 24537 24075 22789 27444 25634 26855 24192 24204 23333 22462 26294 24906 22346 25043 25509 
