100 30 30
241 568 317 640 336 166 482 350 351 368 461 450 504 174 560 410 210 188 220 554 488 574 275 568 334 540 465 468 630 198 490 284 603 384 176 267 192 411 354 685 289 294 241 626 430 544 109 402 464 361 395 166 360 717 257 174 670 697 492 203 428 230 494 303 294 543 479 214 440 695 382 527 377 472 384 349 438 338 551 454 604 626 105 531 538 297 527 311 243 441 503 419 659 509 358 237 493 392 247 138 
72 891 320 566 194 355 586 208 349 266 311 168 494 247 873 399 259 38 778 455 84 524 639 53 501 815 115 958 581 73 557 331 499 488 57 588 501 422 280 294 593 497 767 740 144 802 223 894 837 462 529 228 57 887 319 625 75 952 43 664 658 122 913 391 779 457 764 966 817 814 641 894 160 507 533 777 47 960 815 381 121 608 357 88 594 754 576 771 105 545 222 158 506 386 243 279 464 57 143 714 
997 354 958 352 274 712 18 519 21 448 697 564 277 931 790 771 351 494 256 131 118 825 36 482 356 681 611 379 179 173 779 58 121 187 479 835 231 465 582 878 873 475 180 971 387 751 467 221 600 258 775 633 178 728 516 954 824 678 576 363 618 328 368 428 726 241 715 569 168 517 697 278 563 336 537 490 530 861 677 662 837 518 278 636 189 823 575 336 214 529 427 567 551 279 789 2 266 226 443 209 
988 21 946 583 275 576 376 833 627 149 588 454 15 459 941 254 127 614 237 898 54 939 716 383 49 116 731 162 655 641 471 698 739 64 562 168 882 826 960 376 436 973 479 773 773 889 900 797 41 4 709 585 97 931 562 99 792 399 602 573 260 763 335 878 469 367 424 619 175 734 427 15 255 328 47 466 671 95 90 635 49 65 776 621 710 10 510 59 460 87 617 571 137 194 834 643 66 353 526 495 
170 197 566 309 987 371 100 895 493 453 944 190 809 38 869 670 253 535 904 966 645 308 177 468 30 550 265 19 794 78 506 867 339 967 972 412 72 432 325 90 479 820 158 88 352 562 70 140 310 347 351 422 940 591 26 856 372 230 723 388 150 303 116 481 306 42 35 299 790 775 827 133 22 907 155 239 247 982 105 183 81 373 956 313 776 631 324 231 817 418 265 727 773 884 990 823 687 745 572 305 
493 295 286 774 737 906 928 148 364 737 279 623 63 789 87 425 425 61 342 369 943 387 211 604 71 916 942 127 19 873 735 664 838 56 566 511 464 562 661 215 953 507 79 332 599 860 839 364 695 376 1 254 781 888 449 716 60 359 365 599 293 852 867 126 552 291 642 582 659 707 570 664 29 837 874 854 793 329 877 636 3 545 332 846 819 994 290 813 61 341 66 424 653 818 113 876 971 399 371 668 
538 652 902 311 448 439 376 477 669 29 57 31 299 167 248 80 466 792 847 312 696 696 198 458 771 994 881 386 199 717 256 961 774 29 634 868 906 959 712 464 707 39 34 238 377 778 77 638 584 690 728 149 431 117 97 373 935 620 538 25 948 444 146 93 653 487 773 335 867 680 891 57 75 760 962 537 332 779 27 639 727 113 340 691 801 6 442 514 194 721 253 751 467 485 73 977 761 225 288 608 
404 583 33 238 862 375 255 800 868 41 649 714 438 37 516 132 414 394 331 199 979 640 690 349 378 143 413 962 529 764 715 943 428 54 674 433 915 853 57 259 457 69 144 473 645 221 424 487 951 482 434 492 714 738 776 499 539 890 957 611 686 335 318 652 387 109 461 576 466 712 81 506 948 302 128 962 733 209 959 900 626 174 143 435 743 390 936 937 718 599 842 995 806 794 624 174 33 467 923 813 
971 723 231 725 188 813 792 742 308 98 282 106 265 468 891 43 866 829 858 295 449 846 620 162 459 246 658 79 494 249 235 262 575 740 443 692 168 377 281 582 668 999 281 971 763 607 62 772 340 998 493 260 109 301 722 600 435 579 707 989 435 741 687 20 876 867 452 543 650 634 547 224 796 577 876 413 552 924 384 126 571 697 522 418 379 111 693 308 912 464 325 658 590 634 213 927 396 297 187 773 
2 929 493 925 596 815 18 250 672 229 1000 280 729 207 425 176 10 585 957 32 58 893 326 428 1 550 629 263 878 469 608 472 126 774 600 613 964 177 620 352 468 426 631 388 133 896 178 533 362 901 353 419 727 875 22 237 315 513 633 356 754 375 706 87 536 79 764 496 717 216 393 489 587 658 949 112 792 147 484 387 563 171 834 164 929 969 223 379 717 947 799 670 377 560 202 889 511 391 992 686 
125 499 778 483 516 701 201 558 936 360 80 920 582 210 232 405 430 751 767 279 997 213 351 949 321 816 80 48 939 491 709 111 382 611 479 823 586 196 52 340 487 791 965 750 225 930 27 20 152 118 223 185 485 607 395 913 852 22 587 554 548 494 451 371 135 991 232 53 890 790 814 515 52 410 405 243 838 716 42 98 470 214 726 937 580 520 377 490 689 306 236 992 834 213 866 41 25 560 732 309 
133 996 606 652 927 38 622 969 604 815 286 239 217 38 837 503 522 584 698 352 472 885 35 75 134 170 17 443 306 557 476 855 92 957 38 757 632 981 408 782 547 948 878 716 911 70 452 675 623 528 565 378 297 222 488 337 391 981 849 104 996 239 456 315 846 289 755 583 839 630 285 667 459 698 819 311 994 575 427 373 499 551 139 194 717 334 130 211 549 964 649 63 261 645 927 369 547 9 592 394 
445 626 267 200 509 586 221 553 897 904 113 109 71 718 156 630 970 252 762 185 696 610 659 802 263 903 874 593 187 765 491 358 801 697 402 549 632 531 380 642 740 426 431 987 634 564 768 32 986 864 911 107 688 268 925 543 545 390 81 155 294 908 45 923 179 49 236 10 140 157 167 58 27 524 260 471 484 490 238 414 148 771 371 185 222 997 911 488 644 265 59 582 237 422 725 745 75 212 343 471 
113 185 639 488 791 902 745 384 293 63 247 74 529 660 963 987 296 554 498 43 550 9 585 692 455 228 885 456 369 34 492 644 239 807 428 830 214 49 294 376 37 555 586 978 655 468 10 673 520 261 142 129 641 349 931 499 459 413 987 431 238 842 786 137 511 381 117 723 170 469 579 989 765 335 161 143 744 219 326 763 269 214 715 106 284 102 937 541 836 697 911 256 936 285 58 381 991 366 867 551 
754 752 535 825 59 778 290 257 698 951 224 832 295 836 201 79 535 331 98 16 239 505 419 490 17 794 868 402 817 687 254 369 982 205 59 842 649 821 173 984 111 722 816 890 887 255 999 894 906 420 15 182 861 893 613 668 416 353 808 119 428 210 965 283 95 753 615 898 494 407 356 500 567 676 709 999 404 768 621 840 830 770 247 653 503 852 13 840 526 963 501 507 872 127 570 67 483 807 394 903 
931 577 333 421 800 204 472 49 45 70 693 949 194 565 619 406 268 774 789 724 961 175 300 904 734 637 282 243 764 324 853 362 134 306 640 107 236 482 241 822 780 26 253 228 341 308 451 778 100 220 451 553 491 94 820 4 436 268 968 305 9 586 712 675 281 507 303 662 289 543 648 464 721 899 222 431 305 519 863 695 247 917 159 1000 874 71 942 633 708 557 834 494 210 121 419 66 923 491 384 630 
761 363 52 405 514 658 631 749 38 270 166 446 30 762 723 783 25 314 274 669 349 367 737 491 583 776 221 351 916 202 900 299 211 772 846 742 345 134 394 886 482 651 9 375 71 50 61 527 309 976 992 353 767 267 180 486 497 647 95 242 188 289 442 700 352 389 685 164 540 631 604 753 503 299 464 258 604 246 742 368 319 601 463 53 371 224 549 112 310 687 280 507 971 799 787 307 350 75 186 181 
429 782 168 240 419 408 938 159 396 749 213 650 568 443 856 961 943 911 338 281 304 791 49 506 338 949 55 102 831 16 301 434 947 994 940 977 704 954 800 269 55 823 35 229 254 849 67 397 573 863 923 577 446 247 402 263 432 122 782 511 570 948 174 387 103 236 353 38 358 695 682 374 262 205 416 633 803 176 560 505 420 552 865 96 161 825 835 858 469 103 847 468 871 622 980 632 439 947 23 5 
227 410 479 849 231 262 980 670 559 571 222 789 716 851 300 142 327 74 643 962 201 611 547 118 886 574 160 353 877 968 141 672 688 961 352 965 556 531 158 588 320 959 509 881 765 336 12 994 514 868 619 145 756 998 57 350 295 893 649 94 104 306 852 573 270 460 725 284 596 715 103 611 575 590 375 469 408 445 432 910 977 94 282 29 263 553 899 490 931 218 649 222 648 137 108 453 724 571 982 260 
319 919 7 242 269 496 498 369 627 557 105 657 428 193 186 600 992 963 774 379 81 438 622 235 877 270 44 32 186 511 842 711 997 182 549 891 33 956 591 756 640 213 991 442 267 157 377 736 753 621 501 65 953 528 528 988 696 985 677 542 320 512 450 739 975 712 682 245 187 338 397 400 806 359 626 451 814 456 704 607 657 782 6 572 515 713 593 392 847 656 135 887 943 125 285 882 900 350 78 663 
275 27 621 892 254 643 265 842 150 420 206 275 657 871 403 436 351 304 535 25 380 902 425 715 790 150 20 962 27 871 752 555 994 190 767 487 718 808 436 521 505 161 724 629 775 783 377 865 806 325 338 749 950 664 973 954 588 476 895 700 150 452 601 767 30 780 299 962 240 838 157 366 33 270 594 685 109 510 35 579 375 425 20 94 749 129 312 436 755 470 342 408 901 972 169 588 993 836 248 294 
930 814 250 235 646 427 415 283 58 981 359 274 778 731 323 874 810 110 93 737 627 589 360 454 214 408 647 586 178 110 839 209 974 519 956 422 406 97 284 392 862 292 213 85 423 692 24 570 699 825 610 944 994 304 910 870 867 975 36 306 338 979 96 100 859 138 163 504 66 296 561 569 297 474 575 430 638 771 858 950 826 426 344 587 874 640 984 512 939 986 824 962 911 531 74 184 914 790 334 497 
603 286 870 201 283 191 603 396 975 753 362 447 206 231 815 169 666 404 605 828 350 224 307 819 563 173 254 571 537 460 886 929 680 886 98 335 205 276 266 118 675 669 104 547 623 195 494 473 529 188 758 394 556 569 428 581 340 633 452 662 202 371 578 1000 649 997 862 539 126 728 483 870 665 871 844 867 933 971 198 421 546 369 459 610 853 910 548 160 820 120 979 985 916 75 284 190 318 237 41 813 
342 483 288 738 97 264 373 847 369 618 158 747 714 642 987 235 378 462 370 980 962 161 108 196 295 365 826 419 416 310 84 212 757 110 55 715 43 232 284 823 162 821 488 860 259 952 351 159 801 378 480 672 183 604 911 6 259 897 836 119 125 703 95 386 115 345 112 74 496 14 129 418 920 742 874 145 859 562 359 93 404 513 875 846 353 778 724 25 801 493 132 161 855 688 514 110 465 859 132 525 
206 98 955 690 19 405 724 264 116 985 547 340 235 356 438 853 802 331 842 916 752 684 872 163 933 90 276 519 389 724 899 757 543 292 147 214 443 769 256 786 317 588 714 565 716 794 391 252 9 694 898 239 479 859 400 716 143 980 46 574 81 413 613 738 402 886 745 230 16 962 100 559 975 219 925 561 808 651 607 813 446 851 179 377 961 884 638 387 422 751 520 596 804 101 585 340 831 21 124 33 
563 513 537 639 288 47 507 942 544 920 142 351 273 571 846 76 939 951 920 722 464 346 889 263 127 597 544 715 799 859 621 817 51 885 958 290 146 256 749 685 27 993 859 585 803 869 947 670 766 259 695 7 887 958 842 80 688 876 330 223 32 576 604 828 448 175 868 288 124 348 43 359 201 660 39 980 874 618 402 857 635 104 594 203 226 634 635 447 969 314 127 432 644 435 472 443 634 182 955 617 
254 78 669 658 82 188 610 745 176 937 554 459 505 487 58 319 9 366 948 357 985 992 838 654 738 412 50 399 953 339 251 236 24 515 778 103 455 934 612 294 156 730 548 589 712 39 711 33 916 539 28 856 360 390 407 944 570 876 34 254 662 245 435 83 842 285 947 574 478 732 964 556 182 222 256 256 592 97 289 538 84 481 852 889 254 850 732 800 620 138 8 697 16 668 68 69 573 260 784 543 
849 510 235 131 847 653 349 826 625 860 943 234 872 142 427 991 435 727 819 229 57 598 427 240 647 545 589 849 536 631 696 610 639 435 872 131 661 46 228 492 60 1 402 497 560 189 490 60 440 930 21 446 271 441 172 524 955 747 552 289 739 606 284 198 152 771 204 644 58 745 557 574 751 55 809 679 884 139 809 47 180 381 873 877 40 635 154 779 716 11 458 227 878 946 948 861 837 255 439 734 
997 111 495 448 92 494 958 108 500 762 648 336 102 96 793 224 131 931 318 597 243 776 622 481 105 962 583 742 676 255 897 673 286 287 235 154 314 959 983 624 520 610 534 830 729 794 538 864 233 401 104 628 918 115 2 609 261 983 582 41 727 537 81 709 726 969 697 20 722 490 436 739 49 322 492 99 418 595 55 918 256 830 680 951 967 803 743 380 640 888 369 157 885 576 840 602 339 870 600 38 
690 293 983 709 574 18 578 766 835 20 862 248 34 393 245 166 381 16 797 306 460 110 864 476 350 241 669 319 535 790 625 255 900 515 702 301 39 139 575 814 714 293 896 695 621 979 264 537 297 795 68 340 160 560 250 348 394 806 178 38 713 776 484 849 103 929 249 957 612 676 300 124 865 732 741 771 459 795 465 383 617 188 35 712 869 775 440 878 362 711 389 677 961 660 921 819 891 481 698 627 
149 870 65 865 167 900 92 804 516 834 535 922 87 569 594 95 401 770 145 835 668 795 438 134 519 595 639 292 928 819 535 241 659 280 677 99 573 986 758 258 142 871 499 424 522 21 755 137 262 113 806 809 34 370 343 279 388 748 375 222 646 454 825 933 909 251 745 483 105 584 963 413 915 2 805 291 274 557 940 230 179 925 127 753 787 845 998 194 486 840 361 455 622 834 279 817 587 678 69 497 
23307 24391 23702 23024 26005 24398 26533 26083 25099 23900 25485 23501 23758 27383 24140 22273 25230 25739 26403 25566 26851 26055 22741 26080 26871 23667 25307 26255 26260 25943 
556 111 163 457 614 182 896 226 575 580 739 666 841 714 141 765 208 184 332 55 171 378 275 731 15 807 974 938 59 627 629 788 573 38 533 205 523 887 103 985 511 688 731 939 713 43 303 577 768 199 644 631 987 415 860 915 719 663 471 911 373 412 273 643 755 146 90 67 405 591 505 532 539 394 462 641 554 585 956 585 130 660 237 62 699 360 716 113 636 838 34 907 361 629 405 174 187 483 868 934 
413 63 111 312 888 650 111 279 890 995 81 989 623 449 486 398 153 598 253 842 189 540 608 638 60 75 687 476 350 409 463 989 959 968 650 603 879 960 21 729 92 56 63 109 914 888 679 413 568 871 28 57 216 795 356 536 91 21 994 334 300 470 326 837 292 783 641 505 292 123 605 72 21 463 393 428 911 729 612 731 247 960 793 938 192 78 145 655 286 748 479 605 614 551 357 598 605 793 939 742 
907 75 488 485 227 292 519 362 618 499 876 360 6 906 220 897 566 96 10 504 93 274 568 413 863 185 783 325 881 866 138 608 690 431 432 930 851 174 457 650 104 927 944 454 338 381 70 484 172 922 752 869 816 976 177 759 105 849 904 958 631 251 651 113 101 653 645 57 272 945 692 5 814 665 757 193 266 984 363 38 52 565 327 974 581 88 778 804 244 961 253 299 684 676 11 715 381 847 271 7 
547 859 25 285 674 829 878 49 145 915 532 824 153 820 370 13 462 582 25 209 768 292 915 754 48 519 295 751 579 468 576 90 523 313 525 286 564 738 961 167 445 339 634 564 95 694 100 967 679 594 467 935 880 366 71 580 354 173 340 176 446 871 20 694 305 25 487 229 895 138 249 752 216 316 149 449 558 144 960 51 614 750 526 499 957 614 700 760 525 118 15 3 307 338 896 833 618 214 665 663 
599 599 359 58 318 462 464 323 702 675 29 314 451 178 580 508 87 7 984 971 122 108 64 705 387 756 505 91 667 85 218 253 966 979 569 676 923 570 38 903 54 414 875 651 938 914 761 92 205 702 707 387 183 14 306 279 316 537 600 2 430 624 235 929 933 612 285 735 499 544 631 433 413 805 514 723 788 490 870 342 900 797 82 532 229 706 182 927 765 34 625 814 780 203 967 46 519 457 354 432 
125 16 938 816 161 934 350 356 987 920 622 546 795 645 544 128 223 738 588 434 219 354 83 474 344 494 735 983 890 59 35 62 895 231 231 748 458 85 826 550 968 715 469 280 493 179 433 210 209 530 96 212 427 811 117 348 797 693 901 41 191 874 466 461 359 165 458 114 999 89 465 169 515 396 820 882 207 862 658 803 986 384 569 80 57 142 194 663 341 617 203 468 282 691 391 355 911 597 987 942 
794 962 559 323 634 265 707 775 776 248 253 781 833 654 881 335 945 892 683 417 55 945 624 67 667 371 556 676 355 260 272 463 24 361 26 708 862 355 100 314 862 237 777 757 236 190 602 665 11 565 899 109 798 568 897 399 686 325 783 527 629 918 230 711 314 268 97 52 524 494 558 927 776 52 755 266 297 252 276 527 142 748 321 871 720 341 28 559 825 307 711 842 839 878 516 204 873 42 663 780 
447 682 649 672 673 522 987 818 781 695 260 630 331 346 255 727 738 691 49 494 877 448 306 563 992 981 895 205 267 893 271 313 495 375 758 148 749 841 627 8 258 799 127 863 869 558 777 34 795 983 508 683 314 442 31 805 378 692 991 482 56 302 81 938 929 674 764 806 929 919 421 537 463 382 625 845 537 686 522 28 568 350 810 128 792 575 687 742 812 346 702 96 291 482 279 911 412 934 301 791 
399 960 197 422 379 154 160 368 319 905 334 253 725 111 449 689 630 728 187 957 220 308 34 444 378 209 655 14 339 128 285 582 883 63 445 908 975 291 190 522 81 314 344 790 482 798 73 604 112 42 114 692 707 137 683 926 957 474 735 360 230 406 189 980 285 284 617 492 862 236 914 607 873 707 189 359 862 173 647 469 464 240 377 229 39 14 771 443 782 559 47 17 421 280 768 898 63 141 927 495 
63 374 675 523 593 502 105 14 454 787 81 180 434 354 97 988 107 605 519 419 664 305 554 986 925 82 458 76 546 764 38 762 269 357 778 881 169 13 124 746 182 447 750 249 95 381 832 394 10 646 107 235 326 636 558 329 753 616 298 288 490 209 713 884 955 798 54 722 353 612 485 697 291 723 257 632 215 902 122 32 719 938 741 420 615 339 254 245 324 766 555 740 680 526 447 149 684 399 478 543 
736 704 315 357 60 129 178 404 340 425 473 630 2 855 847 10 981 124 634 396 310 600 601 166 230 420 991 792 991 328 510 73 783 700 681 855 311 130 110 69 331 307 797 813 335 335 288 626 693 304 258 924 221 19 357 242 793 152 614 868 665 254 281 781 271 670 63 555 178 723 178 72 892 778 0 470 141 345 560 222 236 637 406 512 714 433 413 490 210 699 953 776 537 713 479 928 692 329 967 412 
494 799 889 153 424 711 774 191 484 718 879 678 986 458 726 624 272 392 691 414 41 227 125 256 673 495 438 101 733 956 265 616 842 551 952 222 770 485 581 143 355 862 27 303 633 903 125 79 96 597 91 832 113 103 671 560 549 893 111 422 995 198 794 922 616 814 555 64 465 713 554 664 676 71 896 793 609 483 543 575 839 667 557 348 370 519 770 72 873 7 231 670 84 145 358 569 331 706 388 10 
158 936 475 254 888 717 937 998 944 231 938 46 24 104 122 782 733 589 976 635 470 418 160 458 885 117 820 82 842 461 492 240 255 815 844 90 868 669 171 719 906 578 105 791 113 30 237 114 514 198 488 294 264 216 704 986 235 767 365 483 504 764 488 479 653 518 761 30 571 907 787 778 611 921 806 599 540 332 956 400 827 518 797 837 7 341 961 945 766 162 165 392 793 569 941 486 526 668 927 584 
669 509 264 802 733 902 900 156 303 684 601 606 701 770 378 385 91 683 95 99 187 163 856 168 478 990 913 553 190 570 147 997 866 497 666 94 249 241 661 913 921 779 716 236 233 336 997 443 131 6 515 173 853 232 411 326 293 244 285 308 180 423 826 559 806 890 712 833 112 149 370 323 396 986 75 268 914 18 303 388 50 16 389 4 262 320 599 149 599 63 65 875 910 513 658 529 553 225 878 438 
627 472 87 885 647 572 533 581 251 970 430 877 494 251 80 748 658 904 726 875 792 153 720 478 960 824 976 573 424 906 989 265 934 421 590 691 803 59 719 579 599 576 989 234 438 160 733 885 401 16 314 809 35 169 307 455 852 558 884 54 903 992 443 541 275 189 398 851 596 198 543 498 617 207 627 214 94 267 550 840 147 674 788 350 991 491 878 818 591 552 45 645 595 141 615 594 388 627 730 534 
557 952 949 495 382 542 557 79 794 170 789 997 522 396 263 973 143 139 484 61 569 237 167 795 395 501 748 430 810 386 143 720 909 155 540 420 678 679 314 536 132 849 327 893 853 607 766 722 238 294 782 989 172 478 840 554 839 554 270 394 846 189 108 488 744 221 467 44 239 111 502 251 775 359 576 412 312 973 234 832 902 406 253 172 10 736 246 553 51 35 812 366 119 147 993 932 195 910 83 541 
821 242 595 888 365 204 138 217 655 321 540 787 141 675 386 283 849 509 744 173 462 969 70 938 374 404 709 757 102 299 312 361 19 227 300 229 289 567 609 984 228 335 36 992 557 564 982 73 418 981 370 560 970 816 236 47 401 224 687 605 139 565 408 837 819 680 667 289 321 60 38 610 474 774 889 434 66 753 751 999 194 496 894 539 740 598 246 35 854 98 260 275 653 640 220 300 602 228 497 611 
840 933 88 171 176 592 12 654 499 776 643 555 328 415 51 113 891 157 95 702 946 337 713 397 443 937 302 977 802 838 684 471 810 67 4 531 744 709 424 254 121 201 32 403 89 432 485 885 476 326 148 257 457 299 255 687 155 289 803 693 406 346 643 793 23 264 615 201 577 768 396 363 538 579 982 280 951 524 178 912 331 638 147 524 19 970 526 373 28 623 428 175 129 295 70 890 595 214 217 473 
818 365 678 200 455 240 594 68 423 562 729 618 451 205 633 319 525 915 523 626 283 786 879 828 280 623 854 461 516 309 597 429 657 967 978 137 863 573 990 518 676 16 410 919 372 852 318 971 687 989 32 885 40 753 313 20 921 790 807 298 929 919 867 990 275 262 233 44 294 790 990 786 443 733 980 441 948 995 123 351 394 535 802 140 182 59 24 761 211 863 231 636 607 188 809 545 221 668 631 444 
495 554 563 946 299 556 83 291 385 822 957 28 849 72 821 542 636 430 815 335 462 428 618 400 838 368 70 664 891 368 312 731 932 992 872 728 896 202 660 69 740 960 780 176 582 376 408 186 965 171 815 180 652 629 427 20 776 635 482 626 876 102 359 61 100 563 430 121 895 925 467 594 800 367 464 66 422 644 607 73 335 4 530 539 820 583 910 426 697 145 988 322 122 949 660 256 320 344 230 585 
301 408 670 916 373 767 975 833 321 955 946 462 778 768 325 162 638 910 555 23 181 742 951 659 577 862 795 647 759 902 103 379 310 342 300 69 669 177 623 61 493 751 726 341 15 850 492 7 170 650 363 780 11 345 174 575 462 893 581 579 634 432 561 83 873 703 712 835 923 351 427 850 386 173 153 370 800 872 805 460 400 547 654 540 48 943 766 319 875 651 501 393 180 507 354 271 630 590 811 874 
348 352 914 287 374 816 687 181 662 533 959 424 66 515 796 182 23 154 849 986 786 14 948 555 157 829 432 986 261 615 182 194 223 770 922 623 390 354 641 491 213 166 859 874 734 250 128 253 713 389 661 191 301 171 792 336 20 192 499 735 390 525 944 818 863 405 658 473 723 421 100 653 491 811 761 842 397 566 40 903 53 147 375 644 804 803 390 715 283 62 285 382 245 187 576 159 361 546 49 576 
440 753 464 548 82 235 599 32 860 121 746 818 749 680 231 947 673 279 981 386 16 716 76 573 150 448 72 329 686 949 253 162 968 923 541 632 56 782 371 412 155 176 174 301 310 753 177 710 273 343 829 692 375 65 123 390 112 333 587 359 170 982 689 125 138 196 115 337 413 685 811 626 879 602 377 695 89 647 567 847 407 159 608 635 45 558 767 536 616 22 788 632 742 25 888 975 931 865 936 306 
623 351 581 287 956 70 582 99 257 217 566 418 402 698 566 341 789 578 578 34 49 303 318 634 637 849 472 271 492 1 477 444 94 963 391 797 924 632 527 250 211 123 774 85 870 825 868 701 383 124 85 371 393 120 379 969 101 309 641 181 13 527 189 665 861 523 995 539 569 16 321 272 46 898 322 426 171 911 736 236 208 260 636 589 666 519 184 739 913 187 848 659 337 671 135 293 760 713 391 690 
55 946 150 125 47 361 1 159 537 528 599 115 212 770 379 41 426 266 953 294 248 170 476 37 10 784 387 956 963 896 573 820 477 117 826 529 224 935 114 852 233 801 204 401 233 551 855 181 713 351 239 44 619 79 99 458 178 295 11 713 262 147 537 914 402 628 479 700 749 580 231 878 540 67 456 375 432 47 560 341 701 407 119 453 530 641 759 973 876 681 552 241 470 528 126 914 625 129 269 989 
6 492 1000 852 570 964 70 616 337 581 499 750 42 392 227 743 612 611 932 491 866 631 771 638 670 940 120 497 588 650 164 641 829 605 389 931 327 564 865 375 892 454 625 622 24 825 365 891 9 898 171 587 415 192 59 323 824 697 670 136 610 904 85 437 351 973 506 585 775 281 987 432 510 75 0 34 731 825 974 225 337 171 868 299 870 620 215 61 828 888 359 429 292 811 272 807 570 394 544 125 
961 337 576 627 85 595 131 750 662 391 118 721 983 718 229 589 833 56 588 750 749 916 973 194 776 876 293 361 595 485 271 855 298 528 536 720 753 704 503 371 624 166 113 609 772 533 818 194 240 646 118 160 241 240 618 597 431 243 117 36 704 48 820 213 735 639 138 583 233 348 432 600 259 357 706 200 162 927 365 573 678 683 632 820 357 103 301 341 410 326 495 179 922 939 540 643 216 759 521 932 
413 47 50 202 811 398 414 469 216 703 967 52 206 187 536 206 435 985 71 802 736 801 360 815 365 344 890 32 747 413 290 47 84 376 906 145 365 112 213 289 205 766 293 379 359 644 280 104 806 579 455 817 989 450 905 597 405 933 508 728 511 760 231 958 809 76 166 415 162 133 695 941 789 498 515 308 635 121 24 312 425 303 39 828 16 968 389 17 278 125 945 249 992 345 780 178 96 167 182 608 
164 949 500 968 967 212 365 554 348 471 886 217 372 976 240 863 927 454 599 54 86 659 227 209 366 292 14 204 84 493 250 322 125 544 745 850 364 995 700 58 112 30 464 983 627 182 934 7 761 978 888 79 752 866 59 793 264 818 573 338 746 823 635 92 762 693 740 753 731 351 508 816 338 412 803 426 662 67 275 617 152 817 668 994 270 250 432 773 996 490 494 202 224 104 371 850 313 161 861 232 
314 583 661 544 898 385 112 108 337 782 52 483 520 806 635 451 284 349 420 549 751 769 25 591 361 894 21 522 202 607 49 155 359 734 748 821 217 837 745 489 935 339 946 595 157 759 481 550 884 676 606 494 960 373 897 959 483 623 636 559 811 557 157 775 569 767 154 170 736 409 78 461 919 16 986 632 515 926 832 66 357 516 228 1 474 86 512 519 586 147 832 157 531 88 812 612 136 923 471 412 
25437 24889 25050 23675 24688 24182 25902 28151 22490 23106 23582 25034 27184 23397 27515 24537 24075 22789 27444 25634 26855 24192 24204 23333 22462 26294 24906 22346 25043 25509 
