100 30 30
232 -192 -24 -129 486 -75 592 245 -71 -21 -9 -167 348 487 468 236 -26 377 324 238 -34 425 511 -190 -86 -183 264 351 -38 -221 485 281 -111 -46 369 277 394 -79 348 -143 502 398 329 397 332 387 -66 -167 298 304 350 -67 -90 291 -80 332 -46 -143 -82 -95 -60 364 297 -206 -48 488 350 662 -192 386 245 -27 -186 431 -39 351 299 -129 501 -1 -48 -105 -124 -120 516 437 -132 339 -74 560 -212 -121 -6 610 365 -29 -33 439 -171 -216 
67 720 669 404 341 823 775 734 368 160 864 117 104 818 741 109 895 967 824 212 968 970 840 787 884 486 953 110 659 638 435 38 898 380 611 330 983 490 724 282 262 322 443 271 265 382 677 588 864 831 778 493 742 766 350 217 943 699 995 681 275 681 320 86 852 102 503 132 479 116 649 193 564 441 610 219 613 662 597 956 408 489 613 134 221 915 385 78 614 441 13 555 593 315 719 532 160 239 640 658 
451 818 367 690 354 660 613 665 676 241 323 357 798 918 875 895 716 41 584 850 937 631 886 427 983 709 129 926 670 158 816 348 828 423 110 206 400 371 499 832 591 639 95 982 762 413 602 664 310 633 4 453 177 974 528 353 581 198 998 797 222 547 853 306 147 848 221 918 927 823 278 610 796 241 730 465 948 287 867 689 920 115 44 319 517 189 576 284 129 750 582 650 576 343 303 388 247 23 693 744 
845 975 987 478 37 902 996 413 997 403 237 42 75 845 754 320 596 548 705 694 140 806 88 195 949 337 983 650 504 204 862 45 756 411 933 971 897 342 237 410 236 873 313 155 304 282 60 71 976 876 81 485 735 901 301 889 12 266 509 435 902 886 247 693 483 196 914 291 33 218 444 15 145 666 655 587 742 887 771 398 441 244 905 619 873 812 421 164 125 257 921 217 498 661 713 232 3 178 227 692 
635 122 26 302 196 229 855 956 133 454 110 404 229 813 337 182 514 178 759 428 568 150 595 291 650 826 540 254 514 292 199 791 273 509 735 13 781 99 768 772 453 247 878 864 501 758 104 319 530 40 276 65 613 106 402 616 792 76 351 23 906 490 424 333 50 539 202 406 748 59 515 373 591 161 291 299 106 40 896 70 26 909 812 435 685 69 174 674 427 276 188 547 290 973 451 116 142 5 476 175 
634 446 711 221 433 28 444 206 347 170 430 68 249 162 854 106 431 534 545 839 899 457 200 810 162 796 635 605 29 170 717 66 430 147 702 838 477 313 83 55 520 676 157 535 214 878 235 158 187 245 641 616 89 820 958 540 10 264 590 320 568 395 964 957 48 835 166 870 522 183 293 63 770 175 323 56 779 233 435 878 209 803 87 30 947 964 372 904 10 464 893 605 381 743 139 545 392 197 207 94 
208 207 581 886 767 762 673 807 872 412 350 764 745 287 306 303 803 889 235 584 259 573 688 236 934 911 575 662 518 9 730 342 711 584 561 693 105 854 446 324 491 694 219 822 195 98 915 948 216 68 755 467 844 14 846 45 994 66 955 956 707 528 904 343 584 987 498 858 295 650 611 734 710 528 163 270 952 883 866 837 658 68 19 416 773 227 736 688 937 240 605 979 390 329 390 111 378 719 536 734 
609 903 472 295 135 65 485 298 791 914 535 202 602 930 460 41 974 741 990 716 908 634 734 795 759 541 351 327 789 716 698 416 167 380 525 318 520 322 298 844 248 408 865 635 126 789 925 156 367 867 503 43 425 383 429 444 390 75 209 495 513 155 889 210 385 402 297 779 849 786 666 282 243 669 297 320 848 22 144 554 25 934 205 868 778 256 428 174 851 92 420 478 854 540 661 395 296 840 813 941 
248 809 229 733 457 551 766 265 759 868 723 4 243 821 981 54 862 724 577 744 863 839 170 734 189 381 909 227 691 814 129 198 382 680 810 830 952 161 706 142 619 503 150 784 772 425 522 59 645 892 604 356 136 580 673 78 196 753 714 474 746 533 796 300 220 86 346 875 18 920 347 678 28 272 27 79 519 729 242 393 863 567 423 953 304 132 106 686 165 501 732 575 629 452 95 593 337 652 117 917 
398 270 649 195 426 383 904 889 609 197 822 234 629 653 752 454 918 94 980 789 151 267 570 484 429 348 106 779 845 401 586 748 756 971 302 908 22 282 374 118 627 382 205 580 125 527 263 989 291 83 1 53 50 467 181 359 456 780 404 387 232 526 98 136 981 798 96 856 631 284 980 182 78 620 601 256 305 964 206 196 117 802 134 892 599 380 861 874 176 556 62 841 219 618 109 57 879 311 712 440 
909 866 611 705 921 725 711 982 496 141 475 925 318 436 150 924 68 918 626 371 44 341 416 390 437 205 722 463 948 623 165 885 48 446 803 55 804 908 274 302 563 169 382 230 501 24 543 51 107 234 299 707 668 47 833 640 517 216 154 281 675 398 968 541 313 840 508 575 599 550 984 120 208 561 353 912 730 319 74 538 595 807 121 714 112 137 642 792 701 515 269 953 700 546 129 121 38 31 485 587 
330 429 570 700 441 996 154 515 757 696 231 778 324 126 979 201 433 91 203 638 301 597 43 358 119 70 919 930 401 403 679 850 246 33 560 666 340 555 506 791 254 475 69 985 623 238 338 182 301 710 140 98 163 126 403 351 485 983 108 862 113 509 913 403 50 169 673 930 827 253 704 701 654 369 605 504 586 200 614 418 918 809 340 683 745 703 318 534 36 319 725 174 262 605 892 496 598 429 662 604 
126 506 229 715 4 33 119 735 223 931 799 645 99 525 420 267 805 95 939 481 702 430 837 714 936 41 432 815 738 726 543 320 531 667 137 281 112 980 922 742 541 287 300 807 421 241 795 545 177 934 299 978 98 451 466 458 600 412 533 98 470 452 595 838 644 719 668 521 938 737 823 645 156 757 406 592 610 661 843 341 765 325 310 551 65 302 437 438 20 635 2 751 787 853 364 45 671 815 637 602 
666 849 358 924 756 765 285 431 388 506 737 70 543 772 996 705 897 456 302 582 502 872 832 159 832 892 583 655 126 810 581 364 169 947 631 419 798 901 216 198 858 48 616 742 792 410 796 921 508 400 644 641 493 147 895 219 973 382 863 970 824 657 308 927 5 911 937 561 112 928 896 508 348 110 950 723 633 79 263 885 104 407 312 497 674 187 942 33 266 157 698 424 654 547 113 82 424 942 141 912 
604 3 133 952 410 532 868 511 257 252 597 30 511 604 114 853 867 120 839 914 455 65 689 39 110 536 101 367 897 488 298 87 945 688 382 332 516 707 602 656 160 104 109 764 313 64 657 772 434 939 95 686 740 41 627 432 458 617 792 60 49 315 801 597 952 15 444 726 59 810 575 71 910 908 760 471 476 946 814 680 38 643 641 381 242 501 106 580 337 414 585 419 262 978 234 780 671 343 303 888 
421 569 245 564 916 943 622 511 962 962 417 591 719 561 211 239 72 950 443 49 387 253 761 906 538 578 981 562 64 40 287 312 140 729 329 1000 889 817 182 220 649 841 865 651 285 492 726 11 494 675 993 536 392 97 480 962 636 237 153 768 321 803 907 471 743 818 46 601 612 611 809 909 107 862 519 290 384 869 753 659 996 981 602 561 136 607 781 772 468 859 127 47 548 799 484 814 911 451 874 952 
175 268 215 868 895 322 539 605 505 59 437 350 987 955 383 772 316 81 353 726 938 667 311 869 849 597 289 531 546 724 558 229 42 205 527 592 726 836 277 516 135 62 106 531 329 5 944 873 91 215 764 729 334 669 840 371 398 164 171 255 242 822 569 968 907 702 987 856 766 37 420 72 674 583 200 92 112 556 156 696 765 176 694 357 705 354 115 745 516 405 162 898 510 944 412 297 380 973 248 110 
873 108 617 375 290 957 38 128 807 584 388 969 178 228 470 698 481 833 568 775 988 87 638 276 854 307 623 239 835 404 81 544 358 17 547 426 223 457 589 246 878 848 808 939 10 340 301 816 856 467 358 141 509 986 390 253 698 214 698 572 722 547 364 328 989 517 851 281 554 754 933 31 245 892 775 752 14 648 42 983 406 399 678 347 775 439 555 133 155 217 164 39 328 585 162 372 686 912 505 660 
897 689 797 508 981 45 987 911 477 686 663 983 929 326 680 257 627 22 685 963 23 421 814 903 246 638 115 797 129 289 677 570 246 501 22 211 613 954 561 511 63 392 9 271 914 727 851 559 903 173 443 465 96 250 168 326 906 763 278 700 151 520 566 149 592 902 632 885 893 284 188 242 436 638 579 353 74 866 873 605 285 39 142 174 549 606 545 290 510 880 588 919 39 262 637 660 71 165 458 18 
493 482 818 382 404 463 747 636 272 560 455 266 60 161 974 530 550 252 994 373 401 379 861 735 1 722 82 423 588 338 285 74 541 780 596 341 312 540 538 807 596 641 576 80 52 717 242 484 956 657 827 813 459 751 792 708 237 892 660 885 886 563 241 957 853 731 233 117 38 12 552 996 822 27 706 173 389 355 668 966 541 152 619 371 100 721 958 70 867 549 324 320 12 155 333 851 934 902 171 303 
608 119 340 73 415 353 814 267 575 586 81 342 539 310 443 240 885 883 583 565 700 789 58 662 856 127 987 380 511 646 879 619 45 574 799 655 294 104 668 904 115 858 964 261 405 29 635 130 372 765 2 913 999 187 878 136 378 361 968 144 232 866 328 842 981 952 473 799 66 554 763 758 656 556 139 812 747 221 562 650 499 526 200 273 484 639 527 327 840 673 695 487 201 19 980 642 889 534 786 303 
29 455 92 395 614 927 615 825 397 349 553 536 969 262 41 87 795 130 781 713 580 814 998 729 979 40 564 284 240 999 505 944 703 414 678 136 477 156 511 109 876 661 968 812 95 6 500 2 796 587 378 63 772 168 518 397 508 490 840 856 649 427 119 474 526 287 43 501 341 362 61 680 391 190 199 166 259 421 738 337 271 795 620 809 130 288 615 533 30 176 295 341 38 835 155 389 628 251 201 298 
839 66 911 530 605 519 365 574 383 340 491 230 693 553 540 440 741 894 456 847 632 154 914 781 95 639 326 393 359 266 737 464 441 187 821 163 873 249 83 675 993 530 911 487 525 445 666 570 694 408 394 333 930 337 249 575 882 422 224 398 993 538 658 525 157 813 200 291 1000 531 1000 935 923 392 29 894 383 144 557 640 683 585 892 189 925 652 44 19 768 936 321 828 25 597 773 369 602 969 568 834 
715 837 30 641 308 29 990 745 107 33 270 217 246 414 528 824 839 44 74 464 194 334 968 315 104 523 154 478 465 311 325 456 971 120 811 976 125 409 586 9 690 585 124 231 454 289 60 391 818 776 147 624 903 471 630 235 100 179 600 923 736 197 54 796 407 420 783 718 188 205 256 702 114 287 705 665 219 234 824 16 765 897 801 337 247 67 418 403 111 446 480 672 713 854 916 472 583 791 115 465 
83 488 553 977 53 948 555 399 989 440 342 572 432 470 66 733 115 779 862 149 848 522 586 749 299 207 487 75 51 76 703 715 769 499 908 568 330 391 554 904 589 571 476 603 99 111 543 370 465 663 832 8 551 90 46 537 934 586 687 172 515 432 547 18 974 877 403 580 529 993 544 478 377 388 507 701 967 989 255 865 99 478 312 27 612 220 947 550 898 255 619 309 904 501 535 287 34 967 228 933 
387 377 859 543 787 586 58 362 154 56 564 427 120 616 240 160 112 160 874 354 543 573 732 4 833 547 658 331 358 208 992 219 94 255 867 117 322 798 170 130 238 47 788 158 704 870 126 405 585 782 978 415 526 908 121 754 838 777 100 12 888 513 646 773 532 124 202 342 558 287 763 221 786 482 511 451 867 735 899 203 793 440 373 19 342 957 531 32 447 24 615 555 178 961 327 141 36 496 990 188 
144 254 868 595 982 665 350 362 161 340 830 738 415 339 201 583 791 655 282 284 340 366 913 544 315 728 979 146 398 433 856 445 30 530 399 187 539 222 649 771 747 748 608 635 51 401 334 580 513 35 414 703 421 902 971 155 996 231 497 52 330 785 455 570 546 187 682 679 783 22 16 150 320 655 801 796 294 633 910 144 684 832 6 921 283 814 564 692 451 517 890 562 1 952 940 843 251 858 157 725 
804 259 90 99 648 230 88 334 422 60 631 700 89 719 859 82 205 302 661 515 986 35 278 662 34 117 959 368 849 414 145 655 841 909 8 42 107 737 799 801 101 794 857 568 815 695 348 306 155 350 30 879 279 936 429 78 972 713 192 913 348 128 614 843 358 730 634 763 377 375 908 29 290 889 286 892 254 536 731 385 325 727 935 98 244 236 758 676 585 795 46 766 525 903 644 339 508 501 632 405 
907 816 503 290 797 796 108 944 406 579 446 927 828 521 671 147 168 656 26 902 561 131 730 647 67 348 962 701 361 83 161 706 56 61 553 367 959 440 244 588 39 400 741 444 462 835 495 521 180 316 176 341 810 810 412 332 662 702 409 466 983 591 341 760 184 813 674 718 494 303 645 511 65 205 586 192 21 325 463 918 406 503 498 625 166 471 291 189 70 909 241 379 589 686 398 25 259 945 594 310 
348 649 992 299 397 605 755 170 448 896 126 784 352 905 158 827 916 3 600 482 427 10 593 158 851 586 978 779 785 496 688 854 152 293 533 591 554 909 440 356 143 539 765 1 593 379 740 993 35 381 531 298 637 53 178 268 665 291 762 664 107 906 213 504 994 67 707 690 592 63 715 164 195 31 228 503 473 484 174 148 958 829 75 551 677 412 428 381 80 816 461 446 407 16 73 155 882 892 756 190 
711 947 530 292 914 163 322 819 712 109 570 60 802 661 185 815 130 170 583 913 366 729 517 718 407 369 283 678 817 399 414 809 576 72 486 106 766 512 120 374 335 149 848 705 145 898 613 492 116 572 298 488 253 919 632 664 898 142 972 154 181 77 913 861 761 654 526 256 438 973 726 182 436 364 650 34 481 190 606 36 827 268 878 473 620 753 542 365 48 446 220 944 584 197 518 552 380 774 779 596 
26260 27025 25353 20423 21801 27803 25571 25057 23284 24242 23950 25767 27937 24260 28375 24405 24963 24938 25390 26130 22794 27212 22649 25417 22954 25662 24486 24032 24052 25164 
556 111 163 457 614 182 896 226 575 580 739 666 841 714 141 765 208 184 332 55 171 378 275 731 15 807 974 938 59 627 629 788 573 38 533 205 523 887 103 985 511 688 731 939 713 43 303 577 768 199 644 631 987 415 860 915 719 663 471 911 373 412 273 643 755 146 90 67 405 591 505 532 539 394 462 641 554 585 956 585 130 660 237 62 699 360 716 113 636 838 34 907 361 629 405 174 187 483 868 934 
413 63 111 312 888 650 111 279 890 995 81 989 623 449 486 398 153 598 253 842 189 540 608 638 60 75 687 476 350 409 463 989 959 968 650 603 879 960 21 729 92 56 63 109 914 888 679 413 568 871 28 57 216 795 356 536 91 21 994 334 300 470 326 837 292 783 641 505 292 123 605 72 21 463 393 428 911 729 612 731 247 960 793 938 192 78 145 655 286 748 479 605 614 551 357 598 605 793 939 742 
907 75 488 485 227 292 519 362 618 499 876 360 6 906 220 897 566 96 10 504 93 274 568 413 863 185 783 325 881 866 138 608 690 431 432 930 851 174 457 650 104 927 944 454 338 381 70 484 172 922 752 869 816 976 177 759 105 849 904 958 631 251 651 113 101 653 645 57 272 945 692 5 814 665 757 193 266 984 363 38 52 565 327 974 581 88 778 804 244 961 253 299 684 676 11 715 381 847 271 7 
547 859 25 285 674 829 878 49 145 915 532 824 153 820 370 13 462 582 25 209 768 292 915 754 48 519 295 751 579 468 576 90 523 313 525 286 564 738 961 167 445 339 634 564 95 694 100 967 679 594 467 935 880 366 71 580 354 173 340 176 446 871 20 694 305 25 487 229 895 138 249 752 216 316 149 449 558 144 960 51 614 750 526 499 957 614 700 760 525 118 15 3 307 338 896 833 618 214 665 663 
599 599 359 58 318 462 464 323 702 675 29 314 451 178 580 508 87 7 984 971 122 108 64 705 387 756 505 91 667 85 218 253 966 979 569 676 923 570 38 903 54 414 875 651 938 914 761 92 205 702 707 387 183 14 306 279 316 537 600 2 430 624 235 929 933 612 285 735 499 544 631 433 413 805 514 723 788 490 870 342 900 797 82 532 229 706 182 927 765 34 625 814 780 203 967 46 519 457 354 432 
125 16 938 816 161 934 350 356 987 920 622 546 795 645 544 128 223 738 588 434 219 354 83 474 344 494 735 983 890 59 35 62 895 231 231 748 458 85 826 550 968 715 469 280 493 179 433 210 209 530 96 212 427 811 117 348 797 693 901 41 191 874 466 461 359 165 458 114 999 89 465 169 515 396 820 882 207 862 658 803 986 384 569 80 57 142 194 663 341 617 203 468 282 691 391 355 911 597 987 942 
794 962 559 323 634 265 707 775 776 248 253 781 833 654 881 335 945 892 683 417 55 945 624 67 667 371 556 676 355 260 272 463 24 361 26 708 862 355 100 314 862 237 777 757 236 190 602 665 11 565 899 109 798 568 897 399 686 325 783 527 629 918 230 711 314 268 97 52 524 494 558 927 776 52 755 266 297 252 276 527 142 748 321 871 720 341 28 559 825 307 711 842 839 878 516 204 873 42 663 780 
447 682 649 672 673 522 987 818 781 695 260 630 331 346 255 727 738 691 49 494 877 448 306 563 992 981 895 205 267 893 271 313 495 375 758 148 749 841 627 8 258 799 127 863 869 558 777 34 795 983 508 683 314 442 31 805 378 692 991 482 56 302 81 938 929 674 764 806 929 919 421 537 463 382 625 845 537 686 522 28 568 350 810 128 792 575 687 742 812 346 702 96 291 482 279 911 412 934 301 791 
399 960 197 422 379 154 160 368 319 905 334 253 725 111 449 689 630 728 187 957 220 308 34 444 378 209 655 14 339 128 285 582 883 63 445 908 975 291 190 522 81 314 344 790 482 798 73 604 112 42 114 692 707 137 683 926 957 474 735 360 230 406 189 980 285 284 617 492 862 236 914 607 873 707 189 359 862 173 647 469 464 240 377 229 39 14 771 443 782 559 47 17 421 280 768 898 63 141 927 495 
63 374 675 523 593 502 105 14 454 787 81 180 434 354 97 988 107 605 519 419 664 305 554 986 925 82 458 76 546 764 38 762 269 357 778 881 169 13 124 746 182 447 750 249 95 381 832 394 10 646 107 235 326 636 558 329 753 616 298 288 490 209 713 884 955 798 54 722 353 612 485 697 291 723 257 632 215 902 122 32 719 938 741 420 615 339 254 245 324 766 555 740 680 526 447 149 684 399 478 543 
736 704 315 357 60 129 178 404 340 425 473 630 2 855 847 10 981 124 634 396 310 600 601 166 230 420 991 792 991 328 510 73 783 700 681 855 311 130 110 69 331 307 797 813 335 335 288 626 693 304 258 924 221 19 357 242 793 152 614 868 665 254 281 781 271 670 63 555 178 723 178 72 892 778 0 470 141 345 560 222 236 637 406 512 714 433 413 490 210 699 953 776 537 713 479 928 692 329 967 412 
494 799 889 153 424 711 774 191 484 718 879 678 986 458 726 624 272 392 691 414 41 227 125 256 673 495 438 101 733 956 265 616 842 551 952 222 770 485 581 143 355 862 27 303 633 903 125 79 96 597 91 832 113 103 671 560 549 893 111 422 995 198 794 922 616 814 555 64 465 713 554 664 676 71 896 793 609 483 543 575 839 667 557 348 370 519 770 72 873 7 231 670 84 145 358 569 331 706 388 10 
158 936 475 254 888 717 937 998 944 231 938 46 24 104 122 782 733 589 976 635 470 418 160 458 885 117 820 82 842 461 492 240 255 815 844 90 868 669 171 719 906 578 105 791 113 30 237 114 514 198 488 294 264 216 704 986 235 767 365 483 504 764 488 479 653 518 761 30 571 907 787 778 611 921 806 599 540 332 956 400 827 518 797 837 7 341 961 945 766 162 165 392 793 569 941 486 526 668 927 584 
669 509 264 802 733 902 900 156 303 684 601 606 701 770 378 385 91 683 95 99 187 163 856 168 478 990 913 553 190 570 147 997 866 497 666 94 249 241 661 913 921 779 716 236 233 336 997 443 131 6 515 173 853 232 411 326 293 244 285 308 180 423 826 559 806 890 712 833 112 149 370 323 396 986 75 268 914 18 303 388 50 16 389 4 262 320 599 149 599 63 65 875 910 513 658 529 553 225 878 438 
627 472 87 885 647 572 533 581 251 970 430 877 494 251 80 748 658 904 726 875 792 153 720 478 960 824 976 573 424 906 989 265 934 421 590 691 803 59 719 579 599 576 989 234 438 160 733 885 401 16 314 809 35 169 307 455 852 558 884 54 903 992 443 541 275 189 398 851 596 198 543 498 617 207 627 214 94 267 550 840 147 674 788 350 991 491 878 818 591 552 45 645 595 141 615 594 388 627 730 534 
557 952 949 495 382 542 557 79 794 170 789 997 522 396 263 973 143 139 484 61 569 237 167 795 395 501 748 430 810 386 143 720 909 155 540 420 678 679 314 536 132 849 327 893 853 607 766 722 238 294 782 989 172 478 840 554 839 554 270 394 846 189 108 488 744 221 467 44 239 111 502 251 775 359 576 412 312 973 234 832 902 406 253 172 10 736 246 553 51 35 812 366 119 147 993 932 195 910 83 541 
821 242 595 888 365 204 138 217 655 321 540 787 141 675 386 283 849 509 744 173 462 969 70 938 374 404 709 757 102 299 312 361 19 227 300 229 289 567 609 984 228 335 36 992 557 564 982 73 418 981 370 560 970 816 236 47 401 224 687 605 139 565 408 837 819 680 667 289 321 60 38 610 474 774 889 434 66 753 751 999 194 496 894 539 740 598 246 35 854 98 260 275 653 640 220 300 602 228 497 611 
840 933 88 171 176 592 12 654 499 776 643 555 328 415 51 113 891 157 95 702 946 337 713 397 443 937 302 977 802 838 684 471 810 67 4 531 744 709 424 254 121 201 32 403 89 432 485 885 476 326 148 257 457 299 255 687 155 289 803 693 406 346 643 793 23 264 615 201 577 768 396 363 538 579 982 280 951 524 178 912 331 638 147 524 19 970 526 373 28 623 428 175 129 295 70 890 595 214 217 473 
818 365 678 200 455 240 594 68 423 562 729 618 451 205 633 319 525 915 523 626 283 786 879 828 280 623 854 461 516 309 597 429 657 967 978 137 863 573 990 518 676 16 410 919 372 852 318 971 687 989 32 885 40 753 313 20 921 790 807 298 929 919 867 990 275 262 233 44 294 790 990 786 443 733 980 441 948 995 123 351 394 535 802 140 182 59 24 761 211 863 231 636 607 188 809 545 221 668 631 444 
495 554 563 946 299 556 83 291 385 822 957 28 849 72 821 542 636 430 815 335 462 428 618 400 838 368 70 664 891 368 312 731 932 992 872 728 896 202 660 69 740 960 780 176 582 376 408 186 965 171 815 180 652 629 427 20 776 635 482 626 876 102 359 61 100 563 430 121 895 925 467 594 800 367 464 66 422 644 607 73 335 4 530 539 820 583 910 426 697 145 988 322 122 949 660 256 320 344 230 585 
301 408 670 916 373 767 975 833 321 955 946 462 778 768 325 162 638 910 555 23 181 742 951 659 577 862 795 647 759 902 103 379 310 342 300 69 669 177 623 61 493 751 726 341 15 850 492 7 170 650 363 780 11 345 174 575 462 893 581 579 634 432 561 83 873 703 712 835 923 351 427 850 386 173 153 370 800 872 805 460 400 547 654 540 48 943 766 319 875 651 501 393 180 507 354 271 630 590 811 874 
348 352 914 287 374 816 687 181 662 533 959 424 66 515 796 182 23 154 849 986 786 14 948 555 157 829 432 986 261 615 182 194 223 770 922 623 390 354 641 491 213 166 859 874 734 250 128 253 713 389 661 191 301 171 792 336 20 192 499 735 390 525 944 818 863 405 658 473 723 421 100 653 491 811 761 842 397 566 40 903 53 147 375 644 804 803 390 715 283 62 285 382 245 187 576 159 361 546 49 576 
440 753 464 548 82 235 599 32 860 121 746 818 749 680 231 947 673 279 981 386 16 716 76 573 150 448 72 329 686 949 253 162 968 923 541 632 56 782 371 412 155 176 174 301 310 753 177 710 273 343 829 692 375 65 123 390 112 333 587 359 170 982 689 125 138 196 115 337 413 685 811 626 879 602 377 695 89 647 567 847 407 159 608 635 45 558 767 536 616 22 788 632 742 25 888 975 931 865 936 306 
623 351 581 287 956 70 582 99 257 217 566 418 402 698 566 341 789 578 578 34 49 303 318 634 637 849 472 271 492 1 477 444 94 963 391 797 924 632 527 250 211 123 774 85 870 825 868 701 383 124 85 371 393 120 379 969 101 309 641 181 13 527 189 665 861 523 995 539 569 16 321 272 46 898 322 426 171 911 736 236 208 260 636 589 666 519 184 739 913 187 848 659 337 671 135 293 760 713 391 690 
55 946 150 125 47 361 1 159 537 528 599 115 212 770 379 41 426 266 953 294 248 170 476 37 10 784 387 956 963 896 573 820 477 117 826 529 224 935 114 852 233 801 204 401 233 551 855 181 713 351 239 44 619 79 99 458 178 295 11 713 262 147 537 914 402 628 479 700 749 580 231 878 540 67 456 375 432 47 560 341 701 407 119 453 530 641 759 973 876 681 552 241 470 528 126 914 625 129 269 989 
6 492 1000 852 570 964 70 616 337 581 499 750 42 392 227 743 612 611 932 491 866 631 771 638 670 940 120 497 588 650 164 641 829 605 389 931 327 564 865 375 892 454 625 622 24 825 365 891 9 898 171 587 415 192 59 323 824 697 670 136 610 904 85 437 351 973 506 585 775 281 987 432 510 75 0 34 731 825 974 225 337 171 868 299 870 620 215 61 828 888 359 429 292 811 272 807 570 394 544 125 
961 337 576 627 85 595 131 750 662 391 118 721 983 718 229 589 833 56 588 750 749 916 973 194 776 876 293 361 595 485 271 855 298 528 536 720 753 704 503 371 624 166 113 609 772 533 818 194 240 646 118 160 241 240 618 597 431 243 117 36 704 48 820 213 735 639 138 583 233 348 432 600 259 357 706 200 162 927 365 573 678 683 632 820 357 103 301 341 410 326 495 179 922 939 540 643 216 759 521 932 
413 47 50 202 811 398 414 469 216 703 967 52 206 187 536 206 435 985 71 802 736 801 360 815 365 344 890 32 747 413 290 47 84 376 906 145 365 112 213 289 205 766 293 379 359 644 280 104 806 579 455 817 989 450 905 597 405 933 508 728 511 760 231 958 809 76 166 415 162 133 695 941 789 498 515 308 635 121 24 312 425 303 39 828 16 968 389 17 278 125 945 249 992 345 780 178 96 167 182 608 
164 949 500 968 967 212 365 554 348 471 886 217 372 976 240 863 927 454 599 54 86 659 227 209 366 292 14 204 84 493 250 322 125 544 745 850 364 995 700 58 112 30 464 983 627 182 934 7 761 978 888 79 752 866 59 793 264 818 573 338 746 823 635 92 762 693 740 753 731 351 508 816 338 412 803 426 662 67 275 617 152 817 668 994 270 250 432 773 996 490 494 202 224 104 371 850 313 161 861 232 
314 583 661 544 898 385 112 108 337 782 52 483 520 806 635 451 284 349 420 549 751 769 25 591 361 894 21 522 202 607 49 155 359 734 748 821 217 837 745 489 935 339 946 595 157 759 481 550 884 676 606 494 960 373 897 959 483 623 636 559 811 557 157 775 569 767 154 170 736 409 78 461 919 16 986 632 515 926 832 66 357 516 228 1 474 86 512 519 586 147 832 157 531 88 812 612 136 923 471 412 
25437 24889 25050 23675 24688 24182 25902 28151 22490 23106 23582 25034 27184 23397 27515 24537 24075 22789 27444 25634 26855 24192 24204 23333 22462 26294 24906 22346 25043 25509 
