100 30 30
312 -213 -113 -197 538 -85 449 -121 -52 -218 -21 -25 372 383 489 392 -125 399 -50 -68 -70 631 457 -217 -85 -34 242 295 -23 -32 418 277 -51 -81 306 346 431 -112 405 -170 481 504 -1 333 384 421 -124 -176 367 299 412 -35 -119 294 -61 387 -149 -37 -150 -111 242 306 341 -185 -113 435 439 485 -169 378 -87 -146 -139 425 -104 449 346 -219 409 252 286 -73 -67 -114 508 475 -113 369 -10 537 -158 -124 -126 457 350 327 371 313 -111 -84 
28 757 78 457 898 676 385 746 189 721 120 617 282 702 63 757 225 758 643 205 916 707 10 270 531 858 418 761 235 228 346 702 451 107 684 763 764 593 268 362 707 648 473 742 152 848 289 668 963 772 842 674 28 99 764 336 903 840 928 664 770 80 710 710 294 263 145 848 862 626 604 693 644 145 505 261 84 957 309 948 839 771 309 469 671 963 687 568 75 212 208 948 706 459 793 163 607 72 240 128 
465 343 63 97 719 991 231 44 310 428 91 547 283 500 877 728 79 340 617 622 301 872 250 357 156 693 112 227 509 15 623 459 532 401 886 527 495 128 548 709 215 750 867 547 873 407 25 97 707 125 122 747 447 812 160 611 617 893 918 896 728 971 599 977 711 399 273 295 601 132 1000 542 942 426 668 386 951 107 346 897 163 998 804 781 912 959 384 405 40 723 185 520 761 292 47 257 874 794 687 769 
974 52 11 112 19 976 719 561 703 152 312 728 511 656 757 693 168 409 555 877 65 96 690 276 710 427 568 621 46 825 393 749 623 799 884 195 966 777 44 465 617 423 579 631 808 115 110 43 295 195 648 442 325 243 704 469 217 64 802 364 473 516 615 555 395 221 803 311 223 149 930 312 787 575 610 620 725 637 486 983 373 980 824 955 602 181 764 529 65 218 573 989 861 140 840 171 442 567 834 652 
919 34 394 679 846 360 54 224 693 809 239 24 859 365 819 250 370 477 134 945 502 145 352 746 297 57 821 405 988 253 687 458 405 859 716 270 499 931 671 411 67 764 518 40 280 813 785 901 324 715 110 565 688 198 724 89 165 178 342 657 97 629 187 409 721 133 975 845 289 912 868 661 884 120 206 726 468 29 753 230 848 264 251 365 784 968 617 988 930 895 914 454 370 450 574 393 827 387 444 292 
832 558 166 125 409 349 213 138 791 580 100 459 246 580 614 377 93 144 910 617 350 921 314 918 245 97 663 578 907 162 195 91 280 293 500 237 59 938 180 227 761 970 153 397 582 597 518 529 919 117 596 361 339 287 582 992 236 429 455 36 66 324 563 81 626 942 152 868 9 623 547 235 659 336 586 221 769 806 781 572 174 679 243 348 728 506 253 515 159 163 61 887 399 289 846 696 701 264 48 170 
283 997 481 296 835 285 181 153 14 780 481 388 842 23 138 683 341 409 897 385 436 725 243 690 617 952 905 495 640 652 765 430 201 131 647 604 483 522 138 626 141 810 194 680 443 45 146 212 922 380 807 392 260 171 871 983 962 65 567 861 886 737 990 754 235 954 741 13 98 222 307 48 966 37 66 279 874 271 779 456 904 52 314 921 432 724 465 44 826 629 686 4 716 711 292 684 778 105 722 436 
785 426 342 35 993 623 895 75 798 400 428 983 709 912 240 413 823 312 659 595 287 427 383 563 483 239 655 974 445 81 279 145 646 877 619 947 647 744 586 850 487 293 135 33 379 161 906 970 841 728 499 634 419 332 274 465 844 921 406 886 308 857 132 773 931 720 860 888 343 126 2 750 517 984 281 589 481 86 664 521 734 699 146 602 909 463 702 767 294 220 291 125 359 497 496 542 655 266 663 401 
880 820 736 205 768 673 205 613 967 760 361 586 359 354 871 916 741 724 348 582 633 536 395 908 814 82 853 37 674 227 741 544 53 119 716 80 961 191 49 808 14 270 110 45 570 756 899 734 747 340 315 452 733 438 225 425 42 475 944 434 916 252 989 812 339 642 829 527 887 74 374 85 252 25 287 138 833 137 494 193 519 783 509 210 306 661 395 541 401 861 12 37 149 620 416 212 907 18 461 827 
410 259 388 334 235 448 227 929 451 362 871 869 570 612 96 816 369 573 938 168 173 671 791 205 910 316 374 194 614 665 25 850 698 82 410 418 202 747 603 378 496 463 360 386 867 635 740 822 8 247 230 658 325 890 818 428 342 955 167 716 771 319 204 597 759 581 641 176 617 451 511 268 417 943 166 504 66 213 603 140 617 387 526 339 281 821 589 553 661 321 442 948 378 731 404 892 906 663 928 961 
401 103 382 745 428 634 380 799 511 257 875 506 427 400 267 515 690 17 399 20 387 135 960 800 659 205 66 919 521 165 233 30 856 800 609 776 123 73 736 519 2 463 477 552 511 326 237 233 582 349 505 628 112 517 896 857 223 62 894 221 830 97 930 685 48 653 848 456 861 499 315 887 796 312 360 502 475 606 331 751 983 937 962 3 269 986 308 519 204 941 319 168 592 635 739 671 960 327 19 11 
610 249 149 641 299 68 973 635 233 151 630 300 604 222 556 895 592 766 362 323 588 499 806 255 408 354 798 476 496 37 305 951 642 130 77 956 449 778 796 129 840 970 558 623 845 963 869 418 891 946 410 851 654 943 315 337 716 998 353 28 320 15 387 686 534 46 124 983 261 810 37 751 584 774 186 138 795 633 445 738 45 317 846 360 298 266 69 328 262 480 301 767 713 46 208 214 468 374 658 156 
816 781 167 860 897 443 235 771 996 791 862 920 239 304 548 386 409 243 789 803 325 879 649 109 713 234 209 128 166 657 230 809 808 626 155 946 979 258 537 660 450 550 190 852 495 266 204 137 561 434 995 625 793 444 54 446 514 394 630 148 187 304 737 327 391 66 536 319 639 899 36 683 76 269 534 319 679 731 920 332 484 720 398 323 394 822 52 378 531 198 903 818 164 426 955 999 940 604 272 653 
988 749 859 466 250 628 725 391 421 860 910 901 665 996 511 714 624 61 59 481 868 335 27 275 799 536 307 623 519 760 121 210 674 56 247 535 805 92 628 805 732 285 807 283 744 175 342 508 588 914 370 842 318 44 731 549 334 545 98 512 112 143 875 615 489 773 783 235 259 140 603 585 385 732 354 590 817 24 931 778 692 765 698 991 359 813 471 496 616 838 512 882 927 609 287 620 993 251 4 814 
822 341 505 651 997 404 408 445 437 24 277 884 418 165 330 431 465 987 38 566 797 894 381 229 93 333 142 33 819 10 22 32 389 974 456 515 793 362 241 450 842 742 949 618 318 370 971 177 723 622 417 566 869 129 648 25 961 739 717 790 438 739 365 393 848 944 373 48 764 377 5 179 730 763 706 828 14 733 973 687 981 628 624 664 360 128 138 414 802 340 95 419 626 758 672 841 471 634 371 716 
973 614 963 650 948 989 109 954 971 77 32 159 8 168 938 620 639 410 90 588 347 663 778 808 999 90 1000 64 754 749 592 806 863 643 28 157 105 575 214 332 422 859 491 770 26 720 368 553 912 360 90 179 777 252 374 669 477 391 213 958 650 776 981 501 639 968 991 205 191 991 109 586 206 470 111 905 949 12 722 945 925 833 368 27 197 972 685 378 284 22 662 930 798 219 674 579 583 260 526 506 
192 493 841 772 3 934 228 226 144 92 768 98 261 550 36 251 936 471 773 599 21 742 740 830 526 135 838 638 813 55 950 517 778 586 491 466 261 212 593 302 131 561 841 678 41 934 855 645 241 180 503 123 55 176 791 17 82 899 442 176 523 130 698 668 775 397 171 139 269 432 840 213 190 499 238 707 527 41 465 512 816 83 698 336 826 187 966 290 242 136 878 975 208 124 80 368 767 998 952 393 
921 888 478 783 754 609 518 338 985 96 850 131 821 413 216 749 382 503 138 963 863 253 873 252 436 845 57 1 720 318 707 346 651 279 902 44 477 307 274 12 518 259 178 223 337 257 174 697 308 21 755 786 864 514 884 512 616 271 237 159 595 301 804 552 194 698 150 236 169 98 826 63 70 856 496 21 899 184 423 110 26 341 913 24 13 129 863 385 459 543 572 945 41 442 106 617 126 947 375 111 
629 733 758 420 889 82 428 963 266 313 841 810 266 926 587 382 70 159 25 96 748 743 661 905 625 485 975 279 96 458 608 628 577 285 685 371 528 830 784 2 120 85 805 910 595 944 866 842 251 454 852 997 341 814 752 94 371 263 568 328 590 598 298 725 190 377 952 28 913 934 250 531 61 955 723 954 117 428 21 293 925 109 85 728 166 405 207 776 760 623 776 989 634 367 5 313 331 882 935 399 
974 322 627 148 679 395 730 775 313 881 669 903 450 309 967 361 453 563 800 422 958 966 981 6 323 702 401 279 551 991 505 316 246 161 130 734 720 966 995 331 429 439 74 816 108 485 232 256 44 505 652 18 591 939 136 19 361 475 573 257 860 680 799 435 337 715 552 377 918 475 414 407 787 407 612 384 866 158 417 668 545 846 762 522 202 46 616 260 221 420 722 85 721 174 681 75 928 721 637 373 
931 283 682 683 82 489 306 167 917 559 786 679 942 139 316 568 791 40 367 553 981 980 928 349 287 320 814 614 1 778 705 762 102 301 456 895 778 92 829 5 371 544 98 728 755 103 72 834 582 688 59 82 27 760 454 71 628 911 359 787 614 959 491 791 232 994 424 675 411 256 965 410 30 218 378 846 574 322 438 673 719 615 396 391 582 466 605 20 42 362 204 689 662 431 844 454 807 537 538 478 
358 190 145 174 684 469 449 195 64 621 7 949 267 925 580 616 406 578 173 244 280 570 37 778 577 67 260 486 773 498 245 122 65 269 146 992 511 968 329 757 962 920 179 503 49 272 305 252 867 367 989 928 478 982 41 332 167 906 114 294 761 158 258 246 286 38 696 378 679 475 600 878 611 73 2 613 505 634 531 621 869 881 302 534 68 598 129 993 241 389 663 568 91 884 320 385 612 440 330 746 
42 463 806 260 587 643 475 72 835 235 252 938 157 265 544 503 563 971 12 527 981 890 43 434 307 293 368 669 171 355 770 794 378 259 525 200 378 51 639 880 159 618 418 706 778 830 186 251 769 901 899 527 877 652 269 302 874 320 906 280 468 64 845 120 917 207 827 355 241 891 718 780 54 575 549 863 156 825 422 634 880 506 958 945 720 617 774 714 710 686 166 836 5 247 38 142 349 436 585 971 
271 691 47 726 15 755 127 399 947 665 17 787 543 925 693 326 143 897 566 32 657 894 411 471 664 287 939 178 817 90 94 657 867 146 380 413 761 286 894 131 184 398 390 288 863 611 567 340 80 773 68 286 778 465 634 219 628 432 21 61 386 168 755 845 271 816 810 745 703 614 627 540 969 9 835 688 398 38 77 716 309 388 353 21 593 6 627 470 385 403 171 367 806 382 392 631 259 502 852 601 
166 206 597 160 712 650 297 50 630 230 679 846 908 590 837 989 775 141 373 441 32 783 391 344 823 533 628 399 749 99 360 375 703 75 573 656 660 872 599 880 261 994 396 177 799 164 584 150 218 743 425 940 431 92 559 520 564 204 121 661 895 976 839 898 323 23 587 284 829 163 679 425 381 154 981 751 438 758 73 208 276 307 831 439 824 251 435 95 149 764 717 520 455 364 208 745 185 170 935 124 
611 644 119 908 374 623 682 271 887 954 129 379 452 42 366 930 986 116 660 317 386 596 832 210 799 664 733 701 673 115 408 152 703 138 383 762 470 793 546 193 748 507 455 551 10 475 607 69 997 942 290 338 772 172 611 786 295 747 323 295 627 546 831 936 872 334 585 932 894 910 814 940 227 334 172 356 599 687 90 568 313 153 493 590 721 445 694 663 917 581 5 261 808 168 524 636 189 623 947 32 
327 704 62 690 70 526 744 170 89 541 150 803 927 342 780 713 643 687 289 619 482 839 985 848 430 4 534 236 568 797 341 727 368 223 826 281 860 32 51 576 810 149 621 437 365 500 616 554 97 489 27 252 575 824 280 744 399 559 710 383 993 585 985 353 305 298 137 379 486 46 316 136 241 712 828 496 301 788 41 707 635 923 341 60 155 545 858 150 842 424 395 15 982 579 45 990 418 314 828 6 
674 624 948 384 622 213 134 899 174 301 511 507 962 381 463 593 718 641 798 936 39 976 431 962 665 73 498 926 372 134 690 548 226 989 467 602 577 653 857 853 33 767 361 729 4 809 280 532 64 921 525 23 495 606 920 650 241 534 271 729 822 246 84 443 477 301 736 44 955 583 118 1000 924 851 39 894 379 396 553 150 370 896 647 234 168 26 463 325 446 55 869 639 343 619 562 796 139 121 572 176 
290 340 533 498 809 617 411 267 622 424 698 77 347 407 883 675 172 197 459 901 856 670 980 640 737 540 244 535 924 408 599 436 344 43 749 405 414 295 915 318 493 653 467 306 10 68 602 657 842 166 37 40 119 579 99 460 956 546 209 180 920 827 161 241 260 901 375 367 773 56 944 728 208 466 339 885 985 58 516 700 970 230 53 375 724 381 212 499 942 28 570 379 520 673 641 519 710 65 50 393 
294 697 2 457 904 191 522 294 200 791 753 835 36 4 162 291 694 844 341 972 793 858 935 836 187 410 607 639 215 79 680 83 151 957 168 370 404 13 26 765 117 547 320 72 441 121 286 602 125 905 926 233 59 461 943 919 689 903 277 943 821 432 431 397 129 969 243 377 523 131 353 962 346 543 338 90 39 996 302 645 953 668 56 680 286 813 963 284 634 488 977 520 498 3 200 351 549 39 602 63 
695 530 272 372 493 162 342 616 680 365 661 188 186 403 931 387 402 441 627 483 702 828 380 202 133 849 914 161 570 639 503 292 648 745 279 309 776 956 749 51 827 981 1 287 369 17 399 168 557 121 598 891 646 595 878 724 838 417 998 795 192 640 384 831 956 96 901 748 483 342 551 540 705 148 299 894 420 347 187 352 592 950 501 782 753 22 902 640 645 868 908 117 952 850 261 498 957 920 699 952 
12992 12829 12686 12762 11052 12466 13395 12197 12775 12193 12285 12884 13516 12836 13416 11573 11112 13130 12809 12678 11454 12963 11806 12318 13179 11978 12744 11953 11761 13704 
556 111 163 457 614 182 896 226 575 580 739 666 841 714 141 765 208 184 332 55 171 378 275 731 15 807 974 938 59 627 629 788 573 38 533 205 523 887 103 985 511 688 731 939 713 43 303 577 768 199 644 631 987 415 860 915 719 663 471 911 373 412 273 643 755 146 90 67 405 591 505 532 539 394 462 641 554 585 956 585 130 660 237 62 699 360 716 113 636 838 34 907 361 629 405 174 187 483 868 934 
413 63 111 312 888 650 111 279 890 995 81 989 623 449 486 398 153 598 253 842 189 540 608 638 60 75 687 476 350 409 463 989 959 968 650 603 879 960 21 729 92 56 63 109 914 888 679 413 568 871 28 57 216 795 356 536 91 21 994 334 300 470 326 837 292 783 641 505 292 123 605 72 21 463 393 428 911 729 612 731 247 960 793 938 192 78 145 655 286 748 479 605 614 551 357 598 605 793 939 742 
907 75 488 485 227 292 519 362 618 499 876 360 6 906 220 897 566 96 10 504 93 274 568 413 863 185 783 325 881 866 138 608 690 431 432 930 851 174 457 650 104 927 944 454 338 381 70 484 172 922 752 869 816 976 177 759 105 849 904 958 631 251 651 113 101 653 645 57 272 945 692 5 814 665 757 193 266 984 363 38 52 565 327 974 581 88 778 804 244 961 253 299 684 676 11 715 381 847 271 7 
547 859 25 285 674 829 878 49 145 915 532 824 153 820 370 13 462 582 25 209 768 292 915 754 48 519 295 751 579 468 576 90 523 313 525 286 564 738 961 167 445 339 634 564 95 694 100 967 679 594 467 935 880 366 71 580 354 173 340 176 446 871 20 694 305 25 487 229 895 138 249 752 216 316 149 449 558 144 960 51 614 750 526 499 957 614 700 760 525 118 15 3 307 338 896 833 618 214 665 663 
599 599 359 58 318 462 464 323 702 675 29 314 451 178 580 508 87 7 984 971 122 108 64 705 387 756 505 91 667 85 218 253 966 979 569 676 923 570 38 903 54 414 875 651 938 914 761 92 205 702 707 387 183 14 306 279 316 537 600 2 430 624 235 929 933 612 285 735 499 544 631 433 413 805 514 723 788 490 870 342 900 797 82 532 229 706 182 927 765 34 625 814 780 203 967 46 519 457 354 432 
125 16 938 816 161 934 350 356 987 920 622 546 795 645 544 128 223 738 588 434 219 354 83 474 344 494 735 983 890 59 35 62 895 231 231 748 458 85 826 550 968 715 469 280 493 179 433 210 209 530 96 212 427 811 117 348 797 693 901 41 191 874 466 461 359 165 458 114 999 89 465 169 515 396 820 882 207 862 658 803 986 384 569 80 57 142 194 663 341 617 203 468 282 691 391 355 911 597 987 942 
794 962 559 323 634 265 707 775 776 248 253 781 833 654 881 335 945 892 683 417 55 945 624 67 667 371 556 676 355 260 272 463 24 361 26 708 862 355 100 314 862 237 777 757 236 190 602 665 11 565 899 109 798 568 897 399 686 325 783 527 629 918 230 711 314 268 97 52 524 494 558 927 776 52 755 266 297 252 276 527 142 748 321 871 720 341 28 559 825 307 711 842 839 878 516 204 873 42 663 780 
447 682 649 672 673 522 987 818 781 695 260 630 331 346 255 727 738 691 49 494 877 448 306 563 992 981 895 205 267 893 271 313 495 375 758 148 749 841 627 8 258 799 127 863 869 558 777 34 795 983 508 683 314 442 31 805 378 692 991 482 56 302 81 938 929 674 764 806 929 919 421 537 463 382 625 845 537 686 522 28 568 350 810 128 792 575 687 742 812 346 702 96 291 482 279 911 412 934 301 791 
399 960 197 422 379 154 160 368 319 905 334 253 725 111 449 689 630 728 187 957 220 308 34 444 378 209 655 14 339 128 285 582 883 63 445 908 975 291 190 522 81 314 344 790 482 798 73 604 112 42 114 692 707 137 683 926 957 474 735 360 230 406 189 980 285 284 617 492 862 236 914 607 873 707 189 359 862 173 647 469 464 240 377 229 39 14 771 443 782 559 47 17 421 280 768 898 63 141 927 495 
63 374 675 523 593 502 105 14 454 787 81 180 434 354 97 988 107 605 519 419 664 305 554 986 925 82 458 76 546 764 38 762 269 357 778 881 169 13 124 746 182 447 750 249 95 381 832 394 10 646 107 235 326 636 558 329 753 616 298 288 490 209 713 884 955 798 54 722 353 612 485 697 291 723 257 632 215 902 122 32 719 938 741 420 615 339 254 245 324 766 555 740 680 526 447 149 684 399 478 543 
736 704 315 357 60 129 178 404 340 425 473 630 2 855 847 10 981 124 634 396 310 600 601 166 230 420 991 792 991 328 510 73 783 700 681 855 311 130 110 69 331 307 797 813 335 335 288 626 693 304 258 924 221 19 357 242 793 152 614 868 665 254 281 781 271 670 63 555 178 723 178 72 892 778 0 470 141 345 560 222 236 637 406 512 714 433 413 490 210 699 953 776 537 713 479 928 692 329 967 412 
494 799 889 153 424 711 774 191 484 718 879 678 986 458 726 624 272 392 691 414 41 227 125 256 673 495 438 101 733 956 265 616 842 551 952 222 770 485 581 143 355 862 27 303 633 903 125 79 96 597 91 832 113 103 671 560 549 893 111 422 995 198 794 922 616 814 555 64 465 713 554 664 676 71 896 793 609 483 543 575 839 667 557 348 370 519 770 72 873 7 231 670 84 145 358 569 331 706 388 10 
158 936 475 254 888 717 937 998 944 231 938 46 24 104 122 782 733 589 976 635 470 418 160 458 885 117 820 82 842 461 492 240 255 815 844 90 868 669 171 719 906 578 105 791 113 30 237 114 514 198 488 294 264 216 704 986 235 767 365 483 504 764 488 479 653 518 761 30 571 907 787 778 611 921 806 599 540 332 956 400 827 518 797 837 7 341 961 945 766 162 165 392 793 569 941 486 526 668 927 584 
669 509 264 802 733 902 900 156 303 684 601 606 701 770 378 385 91 683 95 99 187 163 856 168 478 990 913 553 190 570 147 997 866 497 666 94 249 241 661 913 921 779 716 236 233 336 997 443 131 6 515 173 853 232 411 326 293 244 285 308 180 423 826 559 806 890 712 833 112 149 370 323 396 986 75 268 914 18 303 388 50 16 389 4 262 320 599 149 599 63 65 875 910 513 658 529 553 225 878 438 
627 472 87 885 647 572 533 581 251 970 430 877 494 251 80 748 658 904 726 875 792 153 720 478 960 824 976 573 424 906 989 265 934 421 590 691 803 59 719 579 599 576 989 234 438 160 733 885 401 16 314 809 35 169 307 455 852 558 884 54 903 992 443 541 275 189 398 851 596 198 543 498 617 207 627 214 94 267 550 840 147 674 788 350 991 491 878 818 591 552 45 645 595 141 615 594 388 627 730 534 
557 952 949 495 382 542 557 79 794 170 789 997 522 396 263 973 143 139 484 61 569 237 167 795 395 501 748 430 810 386 143 720 909 155 540 420 678 679 314 536 132 849 327 893 853 607 766 722 238 294 782 989 172 478 840 554 839 554 270 394 846 189 108 488 744 221 467 44 239 111 502 251 775 359 576 412 312 973 234 832 902 406 253 172 10 736 246 553 51 35 812 366 119 147 993 932 195 910 83 541 
821 242 595 888 365 204 138 217 655 321 540 787 141 675 386 283 849 509 744 173 462 969 70 938 374 404 709 757 102 299 312 361 19 227 300 229 289 567 609 984 228 335 36 992 557 564 982 73 418 981 370 560 970 816 236 47 401 224 687 605 139 565 408 837 819 680 667 289 321 60 38 610 474 774 889 434 66 753 751 999 194 496 894 539 740 598 246 35 854 98 260 275 653 640 220 300 602 228 497 611 
840 933 88 171 176 592 12 654 499 776 643 555 328 415 51 113 891 157 95 702 946 337 713 397 443 937 302 977 802 838 684 471 810 67 4 531 744 709 424 254 121 201 32 403 89 432 485 885 476 326 148 257 457 299 255 687 155 289 803 693 406 346 643 793 23 264 615 201 577 768 396 363 538 579 982 280 951 524 178 912 331 638 147 524 19 970 526 373 28 623 428 175 129 295 70 890 595 214 217 473 
818 365 678 200 455 240 594 68 423 562 729 618 451 205 633 319 525 915 523 626 283 786 879 828 280 623 854 461 516 309 597 429 657 967 978 137 863 573 990 518 676 16 410 919 372 852 318 971 687 989 32 885 40 753 313 20 921 790 807 298 929 919 867 990 275 262 233 44 294 790 990 786 443 733 980 441 948 995 123 351 394 535 802 140 182 59 24 761 211 863 231 636 607 188 809 545 221 668 631 444 
495 554 563 946 299 556 83 291 385 822 957 28 849 72 821 542 636 430 815 335 462 428 618 400 838 368 70 664 891 368 312 731 932 992 872 728 896 202 660 69 740 960 780 176 582 376 408 186 965 171 815 180 652 629 427 20 776 635 482 626 876 102 359 61 100 563 430 121 895 925 467 594 800 367 464 66 422 644 607 73 335 4 530 539 820 583 910 426 697 145 988 322 122 949 660 256 320 344 230 585 
301 408 670 916 373 767 975 833 321 955 946 462 778 768 325 162 638 910 555 23 181 742 951 659 577 862 795 647 759 902 103 379 310 342 300 69 669 177 623 61 493 751 726 341 15 850 492 7 170 650 363 780 11 345 174 575 462 893 581 579 634 432 561 83 873 703 712 835 923 351 427 850 386 173 153 370 800 872 805 460 400 547 654 540 48 943 766 319 875 651 501 393 180 507 354 271 630 590 811 874 
348 352 914 287 374 816 687 181 662 533 959 424 66 515 796 182 23 154 849 986 786 14 948 555 157 829 432 986 261 615 182 194 223 770 922 623 390 354 641 491 213 166 859 874 734 250 128 253 713 389 661 191 301 171 792 336 20 192 499 735 390 525 944 818 863 405 658 473 723 421 100 653 491 811 761 842 397 566 40 903 53 147 375 644 804 803 390 715 283 62 285 382 245 187 576 159 361 546 49 576 
440 753 464 548 82 235 599 32 860 121 746 818 749 680 231 947 673 279 981 386 16 716 76 573 150 448 72 329 686 949 253 162 968 923 541 632 56 782 371 412 155 176 174 301 310 753 177 710 273 343 829 692 375 65 123 390 112 333 587 359 170 982 689 125 138 196 115 337 413 685 811 626 879 602 377 695 89 647 567 847 407 159 608 635 45 558 767 536 616 22 788 632 742 25 888 975 931 865 936 306 
623 351 581 287 956 70 582 99 257 217 566 418 402 698 566 341 789 578 578 34 49 303 318 634 637 849 472 271 492 1 477 444 94 963 391 797 924 632 527 250 211 123 774 85 870 825 868 701 383 124 85 371 393 120 379 969 101 309 641 181 13 527 189 665 861 523 995 539 569 16 321 272 46 898 322 426 171 911 736 236 208 260 636 589 666 519 184 739 913 187 848 659 337 671 135 293 760 713 391 690 
55 946 150 125 47 361 1 159 537 528 599 115 212 770 379 41 426 266 953 294 248 170 476 37 10 784 387 956 963 896 573 820 477 117 826 529 224 935 114 852 233 801 204 401 233 551 855 181 713 351 239 44 619 79 99 458 178 295 11 713 262 147 537 914 402 628 479 700 749 580 231 878 540 67 456 375 432 47 560 341 701 407 119 453 530 641 759 973 876 681 552 241 470 528 126 914 625 129 269 989 
6 492 1000 852 570 964 70 616 337 581 499 750 42 392 227 743 612 611 932 491 866 631 771 638 670 940 120 497 588 650 164 641 829 605 389 931 327 564 865 375 892 454 625 622 24 825 365 891 9 898 171 587 415 192 59 323 824 697 670 136 610 904 85 437 351 973 506 585 775 281 987 432 510 75 0 34 731 825 974 225 337 171 868 299 870 620 215 61 828 888 359 429 292 811 272 807 570 394 544 125 
961 337 576 627 85 595 131 750 662 391 118 721 983 718 229 589 833 56 588 750 749 916 973 194 776 876 293 361 595 485 271 855 298 528 536 720 753 704 503 371 624 166 113 609 772 533 818 194 240 646 118 160 241 240 618 597 431 243 117 36 704 48 820 213 735 639 138 583 233 348 432 600 259 357 706 200 162 927 365 573 678 683 632 820 357 103 301 341 410 326 495 179 922 939 540 643 216 759 521 932 
413 47 50 202 811 398 414 469 216 703 967 52 206 187 536 206 435 985 71 802 736 801 360 815 365 344 890 32 747 413 290 47 84 376 906 145 365 112 213 289 205 766 293 379 359 644 280 104 806 579 455 817 989 450 905 597 405 933 508 728 511 760 231 958 809 76 166 415 162 133 695 941 789 498 515 308 635 121 24 312 425 303 39 828 16 968 389 17 278 125 945 249 992 345 780 178 96 167 182 608 
164 949 500 968 967 212 365 554 348 471 886 217 372 976 240 863 927 454 599 54 86 659 227 209 366 292 14 204 84 493 250 322 125 544 745 850 364 995 700 58 112 30 464 983 627 182 934 7 761 978 888 79 752 866 59 793 264 818 573 338 746 823 635 92 762 693 740 753 731 351 508 816 338 412 803 426 662 67 275 617 152 817 668 994 270 250 432 773 996 490 494 202 224 104 371 850 313 161 861 232 
314 583 661 544 898 385 112 108 337 782 52 483 520 806 635 451 284 349 420 549 751 769 25 591 361 894 21 522 202 607 49 155 359 734 748 821 217 837 745 489 935 339 946 595 157 759 481 550 884 676 606 494 960 373 897 959 483 623 636 559 811 557 157 775 569 767 154 170 736 409 78 461 919 16 986 632 515 926 832 66 357 516 228 1 474 86 512 519 586 147 832 157 531 88 812 612 136 923 471 412 
12718 12444 12525 11838 12344 12091 12951 14075 11245 11553 11791 12517 13592 11699 13757 12269 12037 11395 13722 12817 13427 12096 12102 11666 11231 13147 12453 11173 12521 12755 
