100 30 30
-3 -137 236 -114 446 -142 496 -3 -27 -203 -48 -43 344 384 482 386 -86 407 -16 -39 -89 505 431 -227 -137 -130 283 418 -39 -89 514 316 -82 -230 329 256 297 -78 347 -80 528 368 300 405 411 343 -58 -159 406 291 447 -71 -32 -1 -57 464 -137 240 -195 -147 -121 325 -72 -71 -190 383 418 538 -221 270 269 -236 -116 515 242 362 348 -143 409 -12 -140 -26 -109 -154 494 393 -68 373 274 600 -153 -75 -138 497 436 249 308 405 -223 -84 
193 665 929 958 962 186 666 630 615 67 334 823 341 590 734 747 992 826 276 645 572 127 673 587 322 846 792 437 180 774 675 827 287 318 705 416 619 494 468 720 276 532 148 186 349 631 598 549 521 365 618 4 906 725 542 994 702 676 766 540 317 88 505 760 275 206 874 481 213 283 795 688 957 405 377 338 981 583 576 956 173 143 381 927 669 256 981 67 274 486 600 68 961 133 133 719 789 607 613 563 
727 866 839 512 290 374 302 393 348 303 484 552 387 367 829 965 766 232 4 735 398 740 510 662 225 349 816 623 917 124 665 661 756 418 903 606 131 216 771 285 26 582 484 361 363 261 652 336 939 30 972 670 891 759 672 91 987 113 458 367 435 907 735 670 193 587 708 668 25 258 591 311 735 613 686 615 454 138 568 78 238 729 428 56 24 574 525 177 505 664 74 824 807 124 559 544 7 886 86 600 
202 308 835 127 500 755 546 594 2 790 865 825 318 346 261 517 524 306 542 409 338 483 329 843 954 727 905 361 7 763 749 980 352 263 607 750 647 1000 170 714 273 328 489 103 372 760 7 420 273 626 458 795 350 378 231 246 483 990 500 27 536 833 56 198 851 803 738 250 114 45 772 439 682 184 718 730 430 556 850 343 143 223 203 7 478 395 739 66 458 198 105 572 546 880 480 319 761 855 94 596 
604 986 985 672 941 503 561 416 293 181 317 837 156 800 39 309 497 680 622 848 863 425 976 389 757 321 908 151 603 203 264 116 662 86 16 63 842 516 521 698 674 323 121 966 562 382 190 557 254 617 832 342 906 294 400 694 265 275 573 942 354 344 643 194 438 9 794 467 474 776 903 8 284 767 549 1 63 544 682 967 135 685 201 277 716 982 162 295 471 262 123 988 677 397 349 109 854 356 519 715 
308 546 971 834 675 1000 74 656 517 878 729 579 900 300 904 357 644 913 542 664 309 435 318 489 156 195 999 199 436 894 647 153 271 946 21 24 704 143 280 921 4 993 883 561 539 815 534 30 730 597 83 793 325 418 797 925 599 657 241 695 250 255 905 563 750 345 612 554 601 251 863 997 826 584 890 441 725 213 330 184 934 797 594 338 134 698 617 984 503 719 754 653 199 544 974 474 814 663 801 224 
600 549 166 293 673 596 292 338 363 183 110 450 672 590 379 779 657 467 410 794 818 638 411 256 260 497 645 391 760 370 140 194 540 660 950 959 455 60 362 430 732 276 872 974 585 74 773 188 116 550 991 531 418 382 651 746 247 17 824 24 269 957 212 216 101 144 319 892 310 489 403 91 648 981 728 571 231 129 842 533 345 706 57 42 630 309 876 257 978 944 596 830 780 461 98 170 963 426 256 428 
757 482 216 451 1000 721 439 800 860 722 679 69 479 328 880 153 238 262 284 519 180 751 628 241 117 476 141 759 719 402 395 647 309 656 633 532 282 320 877 735 175 301 879 950 726 279 451 967 715 862 803 82 349 845 766 665 864 610 183 49 191 367 13 837 164 409 678 487 760 235 562 350 337 635 528 687 598 519 571 259 219 56 395 395 285 35 204 718 757 22 326 230 581 249 737 334 212 696 710 757 
305 626 126 671 424 275 747 847 447 481 456 782 368 33 746 962 397 64 11 296 989 656 707 784 160 912 837 842 796 483 50 444 93 52 616 928 742 558 152 895 698 229 202 569 233 75 345 184 395 76 446 431 438 473 653 621 504 390 2 113 412 826 49 477 372 9 424 795 282 371 622 120 78 226 784 322 806 710 871 747 833 848 339 739 210 289 829 942 726 880 263 875 84 30 789 608 462 857 360 454 
956 618 766 168 387 408 59 490 767 785 341 540 798 396 170 971 561 630 859 76 80 984 301 64 452 182 148 253 524 662 110 66 900 756 759 48 265 808 530 266 789 164 731 435 986 62 837 161 969 115 630 709 824 238 908 823 381 690 734 116 485 885 475 999 170 793 971 361 888 929 814 48 695 32 512 272 862 433 810 548 603 141 64 354 589 40 292 810 190 979 653 797 649 160 902 365 815 751 568 297 
809 139 175 213 533 52 958 642 264 186 746 579 88 126 806 883 543 33 772 655 887 25 807 720 624 54 720 484 266 977 983 409 347 511 757 345 503 976 835 803 570 475 644 984 735 38 771 64 926 951 317 432 168 586 60 436 554 1000 369 188 947 60 607 377 893 749 815 76 565 342 639 602 995 852 690 161 776 628 133 185 819 466 239 955 953 209 846 323 960 134 705 981 202 915 865 937 218 492 22 173 
63 467 899 943 59 500 874 255 435 200 101 198 605 186 801 553 315 220 787 884 129 990 463 647 831 235 981 720 319 548 930 686 334 457 407 161 355 540 908 155 89 611 75 647 739 352 76 995 780 267 540 446 725 275 260 410 91 734 370 184 109 358 434 638 865 967 219 114 313 258 545 955 336 196 790 668 520 140 552 255 102 14 560 467 412 90 288 5 156 444 249 608 501 65 847 261 136 670 582 320 
671 113 257 728 466 148 175 988 777 893 132 590 952 142 496 993 998 245 226 842 892 412 562 704 782 214 129 762 779 790 849 357 236 191 324 522 222 906 958 697 183 587 297 928 227 419 28 898 60 644 795 607 922 6 285 703 240 748 815 863 650 333 332 927 888 52 977 897 500 231 362 10 483 903 175 477 205 628 868 948 12 430 899 430 487 843 657 735 307 779 395 954 294 629 70 95 579 120 25 85 
957 130 876 430 492 152 309 117 928 569 223 504 344 611 553 717 817 626 415 518 952 588 930 173 942 254 672 982 798 756 692 830 631 931 716 895 330 583 357 8 587 131 262 982 615 364 422 14 834 772 22 134 213 391 135 934 282 567 474 370 175 720 314 84 788 747 897 627 957 75 316 518 366 449 256 462 689 800 282 679 376 88 744 485 204 35 136 790 690 785 308 868 112 939 874 775 915 473 396 211 
637 981 141 687 833 444 135 617 503 200 556 513 278 326 339 604 340 304 406 110 230 66 37 140 312 277 236 342 884 790 757 128 475 516 126 370 316 891 393 405 599 707 549 524 521 95 831 884 877 615 64 164 191 197 253 282 623 231 146 667 559 697 484 912 110 64 680 97 528 511 790 218 59 937 213 233 546 251 974 771 912 87 112 737 11 208 350 678 126 232 226 604 725 443 112 228 790 946 163 138 
940 647 48 506 266 907 844 598 18 201 318 610 307 240 428 589 124 147 446 840 507 113 749 755 388 827 906 564 835 649 742 975 640 123 917 76 212 497 385 92 519 905 375 569 304 995 772 456 113 918 158 407 64 873 98 694 710 201 929 768 333 526 770 830 476 316 949 96 194 594 965 395 555 340 459 944 910 208 553 282 554 138 670 309 628 449 307 207 74 702 207 584 749 400 942 905 984 921 122 326 
578 646 751 930 390 801 144 623 741 366 59 755 408 279 589 137 567 408 517 820 320 250 329 44 81 496 604 142 621 883 746 885 806 110 632 795 670 832 199 318 717 893 458 306 394 60 92 770 626 486 523 38 977 780 850 308 939 437 514 158 297 233 94 487 621 769 304 901 36 66 727 637 599 150 261 809 383 521 82 522 83 356 763 574 724 84 816 127 698 247 776 82 614 716 701 202 375 415 415 296 
281 615 793 243 913 128 701 879 473 183 497 991 828 89 790 650 768 435 612 151 111 655 376 784 627 699 904 696 188 401 956 307 420 678 493 698 333 988 50 339 680 189 767 139 516 158 804 931 167 888 278 315 696 21 944 345 617 798 463 759 557 87 800 8 157 239 650 153 298 57 764 295 706 396 588 52 411 738 348 825 504 587 189 450 583 639 993 53 478 646 242 240 513 696 235 373 884 299 890 815 
88 831 178 753 248 979 386 643 849 638 151 716 284 925 450 982 202 976 682 708 636 963 528 884 392 852 356 660 218 641 795 558 288 207 509 771 155 435 615 953 471 65 53 196 161 614 661 157 827 357 284 550 666 483 946 489 906 884 748 867 693 138 749 308 320 785 84 307 730 507 764 844 987 700 773 137 321 613 686 353 266 585 951 98 600 729 543 520 535 287 803 899 767 141 633 122 682 260 648 370 
501 491 280 309 415 318 145 314 795 970 420 304 165 857 483 778 158 2 705 729 599 422 793 477 655 90 823 649 405 568 289 641 381 700 644 164 146 399 182 553 911 982 255 571 246 7 791 293 516 160 774 764 259 352 941 223 726 674 191 127 897 742 279 310 40 534 368 353 572 824 479 581 613 496 313 843 531 571 204 555 539 611 358 97 210 542 511 274 266 901 408 925 335 285 465 10 304 639 156 412 
462 408 810 405 70 912 280 398 422 483 161 451 778 778 99 328 220 623 489 974 93 794 107 235 733 333 880 885 452 218 279 701 886 368 64 243 673 416 269 341 782 82 983 383 9 637 595 113 665 395 433 411 637 929 488 377 949 423 131 287 988 252 506 243 454 319 240 285 198 205 728 440 924 637 870 653 928 181 14 771 457 59 552 417 324 435 942 495 374 795 548 312 800 47 332 584 381 46 987 469 
413 569 832 751 622 591 670 846 687 722 254 912 349 750 934 496 497 455 663 93 240 320 729 496 304 155 286 699 723 500 601 937 774 275 254 226 30 245 110 523 359 586 937 807 396 5 314 664 189 917 568 803 851 38 994 655 765 679 928 619 305 337 258 42 425 412 697 872 603 145 799 450 238 423 256 15 958 527 541 912 422 70 380 545 816 694 9 276 742 275 10 738 21 310 245 417 199 619 595 363 
869 931 457 140 78 129 362 762 771 421 878 210 606 410 777 671 581 895 84 361 411 384 619 38 913 874 731 364 383 553 410 658 196 714 219 545 782 919 208 326 107 494 167 733 908 288 240 588 668 418 643 885 172 461 268 633 252 886 300 932 721 421 102 845 489 702 102 129 247 26 938 117 542 650 430 168 880 1000 208 298 900 974 528 263 881 515 573 457 686 137 647 681 645 216 665 139 722 344 466 100 
519 233 32 597 493 266 803 645 298 467 458 927 406 443 689 193 83 641 805 575 631 52 349 843 739 945 49 582 481 951 87 570 872 876 929 663 447 117 304 802 395 856 422 429 688 338 191 809 777 880 573 108 648 758 630 930 116 704 774 804 653 4 388 699 33 540 334 731 964 148 595 721 89 888 868 650 20 875 281 224 115 895 213 838 63 247 825 358 502 606 554 799 662 150 138 855 650 664 446 882 
908 934 221 456 222 298 291 264 512 901 784 295 241 830 557 606 278 216 151 358 619 778 667 685 541 974 520 614 291 169 267 250 752 524 837 344 857 143 684 765 350 200 708 620 987 918 468 380 532 993 240 68 643 669 354 639 392 459 63 296 52 758 523 100 966 61 516 161 746 262 839 546 790 957 405 704 106 406 539 952 369 609 836 135 132 510 886 733 857 989 711 428 646 991 206 288 936 162 674 123 
98 743 275 591 390 755 874 867 572 559 929 474 406 496 562 182 407 318 568 96 183 885 288 284 8 909 806 261 277 74 374 494 39 299 241 709 319 882 532 101 283 728 223 226 97 719 923 43 709 124 896 750 922 98 729 110 762 336 73 365 981 213 98 210 155 817 553 602 514 27 602 374 358 514 573 311 204 45 302 292 197 49 702 544 699 285 387 132 524 183 791 463 113 932 899 487 485 346 522 31 
518 510 494 166 838 68 627 427 790 874 500 715 23 460 241 454 440 501 958 780 526 610 706 619 271 214 20 445 757 109 421 884 179 354 262 397 217 95 528 933 527 311 429 838 259 45 874 511 683 203 553 231 761 98 360 416 129 980 43 484 388 955 322 408 186 983 538 731 449 82 685 940 392 92 345 934 434 741 617 877 499 14 165 406 372 374 794 568 966 549 969 212 248 747 793 445 529 222 908 807 
405 765 769 994 663 120 455 948 994 803 821 839 800 726 362 663 726 486 543 681 366 410 142 981 667 597 665 658 506 598 762 243 413 505 182 229 694 467 312 334 613 40 567 741 802 68 199 339 650 267 408 885 217 218 321 350 124 706 35 839 20 736 445 630 25 605 122 839 444 374 348 293 650 507 431 286 793 400 5 50 349 101 453 202 480 565 147 857 91 57 726 139 279 499 876 535 177 994 285 910 
409 248 874 233 385 580 20 76 670 248 828 84 560 619 6 786 954 908 372 780 728 883 595 304 27 847 160 736 566 311 97 355 157 898 619 2 91 420 439 766 328 79 291 473 636 541 890 843 742 407 627 609 348 271 762 436 152 981 977 287 38 53 780 215 97 67 655 728 958 971 56 603 39 754 667 225 688 836 658 710 791 620 729 574 21 22 843 697 543 429 958 918 899 963 55 352 171 363 469 515 
100 960 734 732 147 540 644 324 980 23 197 547 578 278 70 348 973 791 949 677 695 958 312 331 676 569 369 759 165 635 894 138 388 667 602 122 532 634 254 730 1000 943 589 410 192 506 689 884 883 251 457 489 408 200 895 511 282 488 203 252 470 827 178 423 310 157 284 99 147 638 176 146 157 683 176 643 258 371 43 340 119 89 543 142 554 724 443 882 387 583 301 543 710 585 449 865 114 509 204 816 
319 88 203 718 81 652 334 254 239 334 164 549 274 313 806 2 613 497 107 76 817 503 903 632 422 960 946 935 969 892 977 89 608 918 542 100 326 505 937 843 671 29 500 159 90 948 951 262 66 423 616 469 851 447 280 647 908 165 326 387 729 721 556 22 486 699 515 926 899 218 351 298 162 487 378 490 537 569 106 474 767 807 650 949 993 936 665 611 314 818 820 411 708 732 316 615 657 468 320 498 
13462 12368 11967 12333 14077 12087 12191 12139 13052 13502 11204 13012 13055 10782 12919 12040 12659 13677 11709 11856 12392 12559 13215 13048 10940 12338 12102 12513 11911 13080 
556 111 163 457 614 182 896 226 575 580 739 666 841 714 141 765 208 184 332 55 171 378 275 731 15 807 974 938 59 627 629 788 573 38 533 205 523 887 103 985 511 688 731 939 713 43 303 577 768 199 644 631 987 415 860 915 719 663 471 911 373 412 273 643 755 146 90 67 405 591 505 532 539 394 462 641 554 585 956 585 130 660 237 62 699 360 716 113 636 838 34 907 361 629 405 174 187 483 868 934 
413 63 111 312 888 650 111 279 890 995 81 989 623 449 486 398 153 598 253 842 189 540 608 638 60 75 687 476 350 409 463 989 959 968 650 603 879 960 21 729 92 56 63 109 914 888 679 413 568 871 28 57 216 795 356 536 91 21 994 334 300 470 326 837 292 783 641 505 292 123 605 72 21 463 393 428 911 729 612 731 247 960 793 938 192 78 145 655 286 748 479 605 614 551 357 598 605 793 939 742 
907 75 488 485 227 292 519 362 618 499 876 360 6 906 220 897 566 96 10 504 93 274 568 413 863 185 783 325 881 866 138 608 690 431 432 930 851 174 457 650 104 927 944 454 338 381 70 484 172 922 752 869 816 976 177 759 105 849 904 958 631 251 651 113 101 653 645 57 272 945 692 5 814 665 757 193 266 984 363 38 52 565 327 974 581 88 778 804 244 961 253 299 684 676 11 715 381 847 271 7 
547 859 25 285 674 829 878 49 145 915 532 824 153 820 370 13 462 582 25 209 768 292 915 754 48 519 295 751 579 468 576 90 523 313 525 286 564 738 961 167 445 339 634 564 95 694 100 967 679 594 467 935 880 366 71 580 354 173 340 176 446 871 20 694 305 25 487 229 895 138 249 752 216 316 149 449 558 144 960 51 614 750 526 499 957 614 700 760 525 118 15 3 307 338 896 833 618 214 665 663 
599 599 359 58 318 462 464 323 702 675 29 314 451 178 580 508 87 7 984 971 122 108 64 705 387 756 505 91 667 85 218 253 966 979 569 676 923 570 38 903 54 414 875 651 938 914 761 92 205 702 707 387 183 14 306 279 316 537 600 2 430 624 235 929 933 612 285 735 499 544 631 433 413 805 514 723 788 490 870 342 900 797 82 532 229 706 182 927 765 34 625 814 780 203 967 46 519 457 354 432 
125 16 938 816 161 934 350 356 987 920 622 546 795 645 544 128 223 738 588 434 219 354 83 474 344 494 735 983 890 59 35 62 895 231 231 748 458 85 826 550 968 715 469 280 493 179 433 210 209 530 96 212 427 811 117 348 797 693 901 41 191 874 466 461 359 165 458 114 999 89 465 169 515 396 820 882 207 862 658 803 986 384 569 80 57 142 194 663 341 617 203 468 282 691 391 355 911 597 987 942 
794 962 559 323 634 265 707 775 776 248 253 781 833 654 881 335 945 892 683 417 55 945 624 67 667 371 556 676 355 260 272 463 24 361 26 708 862 355 100 314 862 237 777 757 236 190 602 665 11 565 899 109 798 568 897 399 686 325 783 527 629 918 230 711 314 268 97 52 524 494 558 927 776 52 755 266 297 252 276 527 142 748 321 871 720 341 28 559 825 307 711 842 839 878 516 204 873 42 663 780 
447 682 649 672 673 522 987 818 781 695 260 630 331 346 255 727 738 691 49 494 877 448 306 563 992 981 895 205 267 893 271 313 495 375 758 148 749 841 627 8 258 799 127 863 869 558 777 34 795 983 508 683 314 442 31 805 378 692 991 482 56 302 81 938 929 674 764 806 929 919 421 537 463 382 625 845 537 686 522 28 568 350 810 128 792 575 687 742 812 346 702 96 291 482 279 911 412 934 301 791 
399 960 197 422 379 154 160 368 319 905 334 253 725 111 449 689 630 728 187 957 220 308 34 444 378 209 655 14 339 128 285 582 883 63 445 908 975 291 190 522 81 314 344 790 482 798 73 604 112 42 114 692 707 137 683 926 957 474 735 360 230 406 189 980 285 284 617 492 862 236 914 607 873 707 189 359 862 173 647 469 464 240 377 229 39 14 771 443 782 559 47 17 421 280 768 898 63 141 927 495 
63 374 675 523 593 502 105 14 454 787 81 180 434 354 97 988 107 605 519 419 664 305 554 986 925 82 458 76 546 764 38 762 269 357 778 881 169 13 124 746 182 447 750 249 95 381 832 394 10 646 107 235 326 636 558 329 753 616 298 288 490 209 713 884 955 798 54 722 353 612 485 697 291 723 257 632 215 902 122 32 719 938 741 420 615 339 254 245 324 766 555 740 680 526 447 149 684 399 478 543 
736 704 315 357 60 129 178 404 340 425 473 630 2 855 847 10 981 124 634 396 310 600 601 166 230 420 991 792 991 328 510 73 783 700 681 855 311 130 110 69 331 307 797 813 335 335 288 626 693 304 258 924 221 19 357 242 793 152 614 868 665 254 281 781 271 670 63 555 178 723 178 72 892 778 0 470 141 345 560 222 236 637 406 512 714 433 413 490 210 699 953 776 537 713 479 928 692 329 967 412 
494 799 889 153 424 711 774 191 484 718 879 678 986 458 726 624 272 392 691 414 41 227 125 256 673 495 438 101 733 956 265 616 842 551 952 222 770 485 581 143 355 862 27 303 633 903 125 79 96 597 91 832 113 103 671 560 549 893 111 422 995 198 794 922 616 814 555 64 465 713 554 664 676 71 896 793 609 483 543 575 839 667 557 348 370 519 770 72 873 7 231 670 84 145 358 569 331 706 388 10 
158 936 475 254 888 717 937 998 944 231 938 46 24 104 122 782 733 589 976 635 470 418 160 458 885 117 820 82 842 461 492 240 255 815 844 90 868 669 171 719 906 578 105 791 113 30 237 114 514 198 488 294 264 216 704 986 235 767 365 483 504 764 488 479 653 518 761 30 571 907 787 778 611 921 806 599 540 332 956 400 827 518 797 837 7 341 961 945 766 162 165 392 793 569 941 486 526 668 927 584 
669 509 264 802 733 902 900 156 303 684 601 606 701 770 378 385 91 683 95 99 187 163 856 168 478 990 913 553 190 570 147 997 866 497 666 94 249 241 661 913 921 779 716 236 233 336 997 443 131 6 515 173 853 232 411 326 293 244 285 308 180 423 826 559 806 890 712 833 112 149 370 323 396 986 75 268 914 18 303 388 50 16 389 4 262 320 599 149 599 63 65 875 910 513 658 529 553 225 878 438 
627 472 87 885 647 572 533 581 251 970 430 877 494 251 80 748 658 904 726 875 792 153 720 478 960 824 976 573 424 906 989 265 934 421 590 691 803 59 719 579 599 576 989 234 438 160 733 885 401 16 314 809 35 169 307 455 852 558 884 54 903 992 443 541 275 189 398 851 596 198 543 498 617 207 627 214 94 267 550 840 147 674 788 350 991 491 878 818 591 552 45 645 595 141 615 594 388 627 730 534 
557 952 949 495 382 542 557 79 794 170 789 997 522 396 263 973 143 139 484 61 569 237 167 795 395 501 748 430 810 386 143 720 909 155 540 420 678 679 314 536 132 849 327 893 853 607 766 722 238 294 782 989 172 478 840 554 839 554 270 394 846 189 108 488 744 221 467 44 239 111 502 251 775 359 576 412 312 973 234 832 902 406 253 172 10 736 246 553 51 35 812 366 119 147 993 932 195 910 83 541 
821 242 595 888 365 204 138 217 655 321 540 787 141 675 386 283 849 509 744 173 462 969 70 938 374 404 709 757 102 299 312 361 19 227 300 229 289 567 609 984 228 335 36 992 557 564 982 73 418 981 370 560 970 816 236 47 401 224 687 605 139 565 408 837 819 680 667 289 321 60 38 610 474 774 889 434 66 753 751 999 194 496 894 539 740 598 246 35 854 98 260 275 653 640 220 300 602 228 497 611 
840 933 88 171 176 592 12 654 499 776 643 555 328 415 51 113 891 157 95 702 946 337 713 397 443 937 302 977 802 838 684 471 810 67 4 531 744 709 424 254 121 201 32 403 89 432 485 885 476 326 148 257 457 299 255 687 155 289 803 693 406 346 643 793 23 264 615 201 577 768 396 363 538 579 982 280 951 524 178 912 331 638 147 524 19 970 526 373 28 623 428 175 129 295 70 890 595 214 217 473 
818 365 678 200 455 240 594 68 423 562 729 618 451 205 633 319 525 915 523 626 283 786 879 828 280 623 854 461 516 309 597 429 657 967 978 137 863 573 990 518 676 16 410 919 372 852 318 971 687 989 32 885 40 753 313 20 921 790 807 298 929 919 867 990 275 262 233 44 294 790 990 786 443 733 980 441 948 995 123 351 394 535 802 140 182 59 24 761 211 863 231 636 607 188 809 545 221 668 631 444 
495 554 563 946 299 556 83 291 385 822 957 28 849 72 821 542 636 430 815 335 462 428 618 400 838 368 70 664 891 368 312 731 932 992 872 728 896 202 660 69 740 960 780 176 582 376 408 186 965 171 815 180 652 629 427 20 776 635 482 626 876 102 359 61 100 563 430 121 895 925 467 594 800 367 464 66 422 644 607 73 335 4 530 539 820 583 910 426 697 145 988 322 122 949 660 256 320 344 230 585 
301 408 670 916 373 767 975 833 321 955 946 462 778 768 325 162 638 910 555 23 181 742 951 659 577 862 795 647 759 902 103 379 310 342 300 69 669 177 623 61 493 751 726 341 15 850 492 7 170 650 363 780 11 345 174 575 462 893 581 579 634 432 561 83 873 703 712 835 923 351 427 850 386 173 153 370 800 872 805 460 400 547 654 540 48 943 766 319 875 651 501 393 180 507 354 271 630 590 811 874 
348 352 914 287 374 816 687 181 662 533 959 424 66 515 796 182 23 154 849 986 786 14 948 555 157 829 432 986 261 615 182 194 223 770 922 623 390 354 641 491 213 166 859 874 734 250 128 253 713 389 661 191 301 171 792 336 20 192 499 735 390 525 944 818 863 405 658 473 723 421 100 653 491 811 761 842 397 566 40 903 53 147 375 644 804 803 390 715 283 62 285 382 245 187 576 159 361 546 49 576 
440 753 464 548 82 235 599 32 860 121 746 818 749 680 231 947 673 279 981 386 16 716 76 573 150 448 72 329 686 949 253 162 968 923 541 632 56 782 371 412 155 176 174 301 310 753 177 710 273 343 829 692 375 65 123 390 112 333 587 359 170 982 689 125 138 196 115 337 413 685 811 626 879 602 377 695 89 647 567 847 407 159 608 635 45 558 767 536 616 22 788 632 742 25 888 975 931 865 936 306 
623 351 581 287 956 70 582 99 257 217 566 418 402 698 566 341 789 578 578 34 49 303 318 634 637 849 472 271 492 1 477 444 94 963 391 797 924 632 527 250 211 123 774 85 870 825 868 701 383 124 85 371 393 120 379 969 101 309 641 181 13 527 189 665 861 523 995 539 569 16 321 272 46 898 322 426 171 911 736 236 208 260 636 589 666 519 184 739 913 187 848 659 337 671 135 293 760 713 391 690 
55 946 150 125 47 361 1 159 537 528 599 115 212 770 379 41 426 266 953 294 248 170 476 37 10 784 387 956 963 896 573 820 477 117 826 529 224 935 114 852 233 801 204 401 233 551 855 181 713 351 239 44 619 79 99 458 178 295 11 713 262 147 537 914 402 628 479 700 749 580 231 878 540 67 456 375 432 47 560 341 701 407 119 453 530 641 759 973 876 681 552 241 470 528 126 914 625 129 269 989 
6 492 1000 852 570 964 70 616 337 581 499 750 42 392 227 743 612 611 932 491 866 631 771 638 670 940 120 497 588 650 164 641 829 605 389 931 327 564 865 375 892 454 625 622 24 825 365 891 9 898 171 587 415 192 59 323 824 697 670 136 610 904 85 437 351 973 506 585 775 281 987 432 510 75 0 34 731 825 974 225 337 171 868 299 870 620 215 61 828 888 359 429 292 811 272 807 570 394 544 125 
961 337 576 627 85 595 131 750 662 391 118 721 983 718 229 589 833 56 588 750 749 916 973 194 776 876 293 361 595 485 271 855 298 528 536 720 753 704 503 371 624 166 113 609 772 533 818 194 240 646 118 160 241 240 618 597 431 243 117 36 704 48 820 213 735 639 138 583 233 348 432 600 259 357 706 200 162 927 365 573 678 683 632 820 357 103 301 341 410 326 495 179 922 939 540 643 216 759 521 932 
413 47 50 202 811 398 414 469 216 703 967 52 206 187 536 206 435 985 71 802 736 801 360 815 365 344 890 32 747 413 290 47 84 376 906 145 365 112 213 289 205 766 293 379 359 644 280 104 806 579 455 817 989 450 905 597 405 933 508 728 511 760 231 958 809 76 166 415 162 133 695 941 789 498 515 308 635 121 24 312 425 303 39 828 16 968 389 17 278 125 945 249 992 345 780 178 96 167 182 608 
164 949 500 968 967 212 365 554 348 471 886 217 372 976 240 863 927 454 599 54 86 659 227 209 366 292 14 204 84 493 250 322 125 544 745 850 364 995 700 58 112 30 464 983 627 182 934 7 761 978 888 79 752 866 59 793 264 818 573 338 746 823 635 92 762 693 740 753 731 351 508 816 338 412 803 426 662 67 275 617 152 817 668 994 270 250 432 773 996 490 494 202 224 104 371 850 313 161 861 232 
314 583 661 544 898 385 112 108 337 782 52 483 520 806 635 451 284 349 420 549 751 769 25 591 361 894 21 522 202 607 49 155 359 734 748 821 217 837 745 489 935 339 946 595 157 759 481 550 884 676 606 494 960 373 897 959 483 623 636 559 811 557 157 775 569 767 154 170 736 409 78 461 919 16 986 632 515 926 832 66 357 516 228 1 474 86 512 519 586 147 832 157 531 88 812 612 136 923 471 412 
12718 12444 12525 11838 12344 12091 12951 14075 11245 11553 11791 12517 13592 11699 13757 12269 12037 11395 13722 12817 13427 12096 12102 11666 11231 13147 12453 11173 12521 12755 
