100 30 30
374 649 414 671 426 248 597 365 437 349 569 512 659 261 599 455 249 138 234 619 634 622 400 634 459 550 555 626 533 217 481 367 716 449 198 237 272 415 488 728 351 304 363 490 370 578 301 496 427 355 452 450 468 665 371 149 774 663 572 377 542 343 599 277 474 625 475 414 558 673 354 684 503 575 341 347 379 273 577 425 770 642 72 541 501 287 502 365 149 434 615 440 578 593 316 339 514 561 363 172 
527 640 752 703 98 706 980 499 910 735 638 887 158 631 395 552 599 698 705 297 674 664 917 388 671 33 481 744 46 635 755 889 461 766 902 914 640 545 921 475 116 827 753 746 850 201 896 587 419 875 90 712 232 764 883 231 526 253 27 390 540 889 588 103 684 238 657 699 811 81 366 336 385 422 655 746 671 714 418 435 124 72 76 98 157 429 285 740 128 325 763 742 439 890 6 493 621 120 344 556 
914 593 35 179 430 201 64 991 503 896 595 470 290 859 351 975 483 411 707 539 726 976 617 470 201 757 195 348 767 643 476 723 709 609 143 764 34 939 347 257 681 798 785 430 798 132 411 535 466 780 996 221 406 103 863 527 41 162 993 82 922 207 373 649 644 210 939 907 53 884 216 600 229 178 149 873 366 794 703 713 744 394 265 360 562 1 187 537 791 562 808 936 726 381 75 990 88 796 631 784 
415 381 801 51 395 188 806 720 788 845 556 191 183 125 121 732 120 367 158 404 812 197 778 279 587 132 661 914 168 245 995 699 120 781 876 84 812 460 677 19 159 454 873 88 869 700 206 635 154 367 455 704 614 858 69 301 58 364 164 797 627 760 998 780 241 765 794 913 638 643 410 642 183 493 512 35 44 791 118 796 736 36 175 525 631 353 345 555 226 382 727 759 971 858 409 747 385 716 90 500 
883 241 685 53 332 696 671 642 404 695 26 463 312 340 758 699 54 579 768 953 483 890 608 128 624 309 259 448 536 418 414 243 850 237 677 612 687 274 430 955 867 187 57 548 100 879 60 498 459 911 528 999 829 295 477 440 464 665 310 90 214 361 292 56 459 935 291 967 631 64 287 767 506 364 372 786 922 958 48 170 414 813 545 557 32 869 118 279 525 797 352 939 779 358 900 825 855 424 999 198 
620 540 312 382 618 337 395 275 908 280 339 707 640 230 541 850 236 589 965 597 598 593 673 153 360 3 527 879 637 575 232 905 950 646 529 545 418 307 509 701 25 950 661 845 848 962 194 160 890 830 560 697 627 262 826 718 996 215 877 290 860 813 223 351 453 957 540 974 882 953 435 346 546 7 389 991 670 56 217 662 209 137 96 485 12 491 859 976 958 851 998 642 966 345 395 858 801 985 591 366 
834 508 85 384 45 891 548 835 426 344 353 891 321 453 876 448 609 57 84 401 897 934 585 191 154 628 510 873 739 107 346 929 859 290 403 48 708 979 506 271 124 747 540 209 354 658 389 745 195 287 845 751 994 425 215 705 313 973 518 203 82 170 47 543 996 334 596 699 486 510 46 405 532 664 48 566 277 265 699 513 769 990 445 219 42 915 880 160 481 940 940 482 718 423 116 600 668 526 601 519 
475 197 833 83 267 584 341 44 896 490 517 633 250 61 220 285 602 932 380 276 924 642 487 932 71 745 90 468 61 770 922 821 771 383 875 666 704 474 684 313 557 180 973 191 553 180 540 789 609 637 234 981 361 742 672 442 941 489 616 722 743 219 254 277 846 813 363 651 675 158 837 406 443 351 768 20 203 44 499 467 535 662 538 947 200 385 271 957 897 334 528 684 40 648 94 615 941 702 834 348 
396 709 56 948 810 724 561 928 489 132 690 111 924 734 806 53 537 338 787 243 114 968 231 649 434 545 666 459 135 363 8 510 75 983 860 153 219 114 814 932 388 13 504 873 160 285 124 157 389 618 758 733 72 944 552 120 860 719 225 257 116 579 413 97 609 923 34 598 836 577 176 790 795 502 62 33 932 916 533 393 531 488 213 683 323 213 193 115 941 530 292 585 340 230 296 581 813 185 394 219 
367 498 175 7 62 968 748 927 231 626 184 35 891 837 683 173 491 432 739 320 528 353 115 842 871 437 946 642 263 50 179 312 587 269 682 759 997 562 442 787 425 815 575 169 85 264 494 947 273 656 654 705 618 116 205 790 542 951 602 936 151 277 502 997 344 609 754 501 97 453 55 668 882 588 383 20 185 457 935 269 667 342 281 444 437 764 107 316 328 157 617 863 661 411 131 754 326 710 791 131 
544 664 996 988 346 681 635 629 487 121 326 835 283 113 845 922 895 328 861 363 973 142 455 262 898 851 170 191 526 397 840 288 980 931 169 521 98 997 769 706 440 279 250 396 496 761 986 35 362 320 2 773 293 163 764 487 956 709 682 203 6 429 598 588 732 847 277 637 257 608 106 708 947 436 788 66 59 15 919 120 893 341 332 440 944 107 767 97 317 418 228 120 904 735 105 390 584 483 217 294 
14 755 542 67 136 183 516 316 258 3 45 255 465 7 912 158 655 798 105 395 684 961 703 325 659 874 584 496 241 1000 685 814 868 845 692 423 287 128 273 441 687 715 876 265 44 717 305 773 456 229 530 895 986 107 660 793 552 342 836 448 629 573 640 643 384 455 749 160 904 200 700 635 313 386 36 646 520 655 101 798 453 792 209 83 533 639 987 630 701 36 845 768 366 395 539 54 203 24 785 406 
948 343 629 912 872 877 332 941 468 94 389 33 589 277 655 192 631 662 532 530 996 556 938 718 755 745 334 143 574 232 55 729 529 516 691 882 940 222 148 136 920 785 985 407 112 951 796 663 271 295 942 550 931 365 861 3 556 151 240 670 744 624 624 441 985 999 15 279 933 85 286 422 596 801 504 974 575 171 672 446 365 211 826 571 308 631 700 71 217 462 738 451 337 911 508 597 876 625 993 664 
804 601 192 503 672 229 291 79 137 235 202 398 817 97 592 367 766 387 959 115 107 541 572 430 513 742 299 695 376 473 745 726 576 770 891 290 781 246 722 962 493 143 954 423 915 729 375 3 250 136 23 533 353 805 750 375 40 933 540 742 190 944 958 743 880 297 359 673 706 739 668 990 181 758 610 633 708 132 344 975 542 14 388 702 699 453 239 182 223 162 584 185 175 221 513 588 887 518 147 514 
223 452 266 821 808 880 264 348 395 881 395 299 196 558 198 742 417 238 576 339 205 815 198 986 642 504 89 493 834 703 224 423 28 914 380 238 55 942 125 632 864 337 455 655 371 8 476 213 395 159 256 926 434 444 567 543 591 82 864 50 802 759 669 214 273 132 441 385 136 616 281 757 995 643 717 315 835 3 127 187 281 305 577 382 198 768 683 537 710 723 275 675 176 291 212 681 31 971 74 533 
645 900 467 507 588 496 869 839 356 583 703 711 876 546 793 509 89 139 490 321 680 513 493 912 179 309 459 358 364 542 703 476 941 36 764 338 596 375 326 987 311 189 867 275 435 5 728 929 4 78 507 757 795 863 484 896 803 989 667 990 258 46 479 436 992 592 435 753 265 312 74 807 379 732 932 646 670 120 167 164 981 809 207 918 881 890 713 125 184 138 667 65 616 394 124 695 303 375 90 394 
925 356 54 706 847 221 322 263 749 115 158 556 526 186 638 84 145 572 372 686 227 268 12 511 335 586 779 659 984 826 751 484 199 106 245 454 773 135 108 80 992 767 13 275 54 236 727 583 19 901 684 258 674 524 294 536 229 943 159 330 453 552 786 614 328 947 117 409 53 586 11 23 944 867 308 151 750 380 587 647 392 652 906 651 343 521 56 556 572 497 702 298 429 329 749 193 310 46 407 61 
421 87 863 230 372 527 650 73 636 748 906 252 302 385 254 495 353 204 955 659 787 366 881 284 472 102 766 302 531 124 347 720 919 854 608 579 428 340 71 289 810 100 555 350 551 981 208 552 664 988 527 749 826 225 896 64 214 446 382 763 366 452 200 60 658 734 373 159 256 754 477 639 903 131 983 173 554 336 815 404 541 458 420 402 257 991 978 542 359 642 20 377 879 551 727 343 54 511 399 803 
920 464 426 627 923 401 590 88 487 128 547 764 318 829 697 169 640 138 624 750 148 369 985 689 822 492 416 194 131 370 37 317 941 486 47 509 182 711 584 513 446 824 446 168 173 253 303 348 456 458 58 776 428 707 229 681 867 435 322 365 681 662 288 718 525 85 195 973 760 956 356 535 984 205 278 49 353 283 293 210 408 222 767 836 351 673 279 82 679 21 462 665 641 675 800 534 106 612 527 763 
882 737 179 289 571 73 844 125 874 406 605 2 120 558 272 506 141 451 617 596 840 673 116 28 177 794 565 965 267 900 891 983 539 53 668 49 673 780 904 13 129 743 357 182 672 843 357 418 862 856 832 671 624 672 595 983 371 411 758 491 816 636 471 633 99 841 624 901 369 693 785 921 44 349 477 948 832 237 997 99 883 640 631 963 759 777 940 418 534 245 900 32 250 988 874 1000 162 900 959 838 
35 732 544 417 157 449 846 477 57 218 505 671 875 956 596 103 427 301 223 580 355 488 391 20 752 445 277 502 240 502 929 133 664 602 500 660 307 666 920 690 25 516 385 844 350 659 496 469 501 339 779 775 824 733 814 326 961 279 352 913 614 784 509 496 239 94 703 404 870 792 571 177 106 947 476 692 124 469 675 876 774 307 137 202 775 971 562 568 439 313 498 835 634 585 716 384 895 945 999 528 
830 788 783 811 819 342 44 877 621 43 124 651 29 870 697 653 575 363 211 337 506 619 684 530 262 378 750 229 762 514 732 967 244 782 723 904 445 550 686 425 34 973 252 332 202 780 747 279 432 4 216 200 96 126 70 16 225 570 690 439 888 410 744 323 470 300 367 280 414 970 429 718 929 946 43 197 685 267 910 58 858 622 147 471 907 473 615 275 628 738 497 630 7 792 137 483 942 41 877 971 
384 90 863 965 412 658 664 736 95 886 307 92 973 882 217 132 17 388 8 276 573 857 243 930 80 604 47 230 163 634 523 985 162 111 77 503 890 134 396 411 967 738 785 79 434 848 525 216 268 384 737 187 310 304 647 907 988 575 804 941 477 577 458 306 780 88 655 258 611 869 631 200 524 945 226 73 736 519 45 428 883 757 249 464 622 158 846 641 298 984 70 585 997 606 249 125 726 558 212 519 
432 992 944 749 216 179 772 187 911 759 634 982 311 586 793 460 829 131 552 651 802 896 470 488 977 784 809 916 176 376 93 398 975 566 488 219 411 895 295 966 367 673 27 535 222 735 577 580 163 336 125 971 981 158 891 571 675 647 930 590 995 950 906 135 938 55 831 978 163 333 701 472 512 228 610 255 442 389 377 131 320 124 340 72 1 403 486 882 722 900 588 498 734 937 290 562 856 92 421 906 
522 286 388 202 899 560 644 518 250 211 928 240 141 408 318 937 720 814 439 757 518 111 102 810 401 849 614 638 337 477 585 323 918 329 556 172 615 206 276 676 382 490 231 627 1 339 826 760 449 127 126 964 839 318 905 596 460 909 510 613 62 641 532 525 777 823 831 294 51 174 760 825 262 457 317 908 884 469 281 475 188 327 258 327 998 428 845 674 295 429 641 166 13 256 349 552 442 679 403 608 
442 567 769 269 3 968 948 754 774 983 443 691 161 718 508 30 610 46 417 602 515 738 400 496 248 323 774 420 714 58 729 442 321 193 87 56 171 360 682 967 567 769 256 65 976 387 812 849 666 414 694 149 879 483 211 469 662 545 653 121 79 975 992 20 833 261 145 673 792 289 271 938 392 578 239 691 2 974 369 920 929 708 700 827 906 560 225 540 455 563 482 622 251 926 873 389 659 914 720 122 
809 425 805 650 751 402 97 642 758 368 644 507 996 503 266 589 503 187 628 220 131 648 870 333 93 728 620 495 318 161 540 378 622 763 562 448 454 330 646 966 988 776 597 161 540 311 945 665 795 593 865 686 571 472 841 708 925 981 441 569 866 481 141 624 88 308 854 805 380 385 813 223 124 190 683 868 306 277 329 728 367 332 115 171 654 412 299 877 291 67 39 506 967 218 242 22 749 855 27 247 
482 528 711 877 518 155 159 130 109 480 961 194 956 203 584 33 636 243 724 942 424 157 687 492 358 189 443 242 71 745 151 431 782 582 260 440 747 999 9 117 301 169 499 918 289 327 977 457 309 142 547 289 938 736 80 141 541 306 690 630 509 876 794 605 842 75 99 864 841 297 712 819 378 991 476 38 782 607 262 523 305 220 312 204 747 542 251 590 166 952 341 40 439 160 326 146 365 472 677 845 
218 713 781 822 68 763 543 897 771 732 670 367 560 990 909 256 378 863 960 640 880 143 637 73 925 292 841 484 55 333 626 286 822 696 224 604 244 700 762 279 48 173 930 253 619 363 176 989 583 538 695 145 475 64 929 1 488 288 700 412 456 921 921 69 747 709 313 934 313 722 78 247 630 955 34 37 25 188 530 620 571 191 511 90 743 66 755 608 334 413 758 385 720 668 956 584 10 768 583 244 
987 382 779 307 916 885 701 167 466 248 802 643 468 231 657 51 85 669 457 422 897 786 672 381 1000 174 1000 665 620 443 299 22 354 167 104 705 66 323 988 219 398 191 169 763 628 849 949 964 972 562 331 643 760 472 58 271 591 673 672 118 504 315 524 116 502 430 102 667 392 110 607 593 885 834 759 428 322 790 163 357 412 833 251 751 732 158 796 751 557 98 2 497 46 754 283 502 896 994 4 391 
430 709 373 816 296 464 740 525 278 581 106 350 789 737 271 666 307 12 565 412 802 19 903 96 318 215 168 980 534 316 924 287 637 65 527 10 302 234 999 456 913 535 850 191 23 930 559 820 671 291 238 904 302 172 167 116 81 867 731 710 258 787 316 505 924 441 645 118 414 695 1 828 865 515 965 720 339 541 629 85 463 498 255 2 106 996 233 342 85 501 19 444 979 199 284 942 659 118 726 211 
39641 39468 36631 38270 42660 37839 38831 35279 36903 37682 37019 41578 37379 34340 39134 33288 37256 35781 42764 39928 37727 36898 41519 37045 39621 38412 35045 38312 37763 35207 
556 111 163 457 614 182 896 226 575 580 739 666 841 714 141 765 208 184 332 55 171 378 275 731 15 807 974 938 59 627 629 788 573 38 533 205 523 887 103 985 511 688 731 939 713 43 303 577 768 199 644 631 987 415 860 915 719 663 471 911 373 412 273 643 755 146 90 67 405 591 505 532 539 394 462 641 554 585 956 585 130 660 237 62 699 360 716 113 636 838 34 907 361 629 405 174 187 483 868 934 
413 63 111 312 888 650 111 279 890 995 81 989 623 449 486 398 153 598 253 842 189 540 608 638 60 75 687 476 350 409 463 989 959 968 650 603 879 960 21 729 92 56 63 109 914 888 679 413 568 871 28 57 216 795 356 536 91 21 994 334 300 470 326 837 292 783 641 505 292 123 605 72 21 463 393 428 911 729 612 731 247 960 793 938 192 78 145 655 286 748 479 605 614 551 357 598 605 793 939 742 
907 75 488 485 227 292 519 362 618 499 876 360 6 906 220 897 566 96 10 504 93 274 568 413 863 185 783 325 881 866 138 608 690 431 432 930 851 174 457 650 104 927 944 454 338 381 70 484 172 922 752 869 816 976 177 759 105 849 904 958 631 251 651 113 101 653 645 57 272 945 692 5 814 665 757 193 266 984 363 38 52 565 327 974 581 88 778 804 244 961 253 299 684 676 11 715 381 847 271 7 
547 859 25 285 674 829 878 49 145 915 532 824 153 820 370 13 462 582 25 209 768 292 915 754 48 519 295 751 579 468 576 90 523 313 525 286 564 738 961 167 445 339 634 564 95 694 100 967 679 594 467 935 880 366 71 580 354 173 340 176 446 871 20 694 305 25 487 229 895 138 249 752 216 316 149 449 558 144 960 51 614 750 526 499 957 614 700 760 525 118 15 3 307 338 896 833 618 214 665 663 
599 599 359 58 318 462 464 323 702 675 29 314 451 178 580 508 87 7 984 971 122 108 64 705 387 756 505 91 667 85 218 253 966 979 569 676 923 570 38 903 54 414 875 651 938 914 761 92 205 702 707 387 183 14 306 279 316 537 600 2 430 624 235 929 933 612 285 735 499 544 631 433 413 805 514 723 788 490 870 342 900 797 82 532 229 706 182 927 765 34 625 814 780 203 967 46 519 457 354 432 
125 16 938 816 161 934 350 356 987 920 622 546 795 645 544 128 223 738 588 434 219 354 83 474 344 494 735 983 890 59 35 62 895 231 231 748 458 85 826 550 968 715 469 280 493 179 433 210 209 530 96 212 427 811 117 348 797 693 901 41 191 874 466 461 359 165 458 114 999 89 465 169 515 396 820 882 207 862 658 803 986 384 569 80 57 142 194 663 341 617 203 468 282 691 391 355 911 597 987 942 
794 962 559 323 634 265 707 775 776 248 253 781 833 654 881 335 945 892 683 417 55 945 624 67 667 371 556 676 355 260 272 463 24 361 26 708 862 355 100 314 862 237 777 757 236 190 602 665 11 565 899 109 798 568 897 399 686 325 783 527 629 918 230 711 314 268 97 52 524 494 558 927 776 52 755 266 297 252 276 527 142 748 321 871 720 341 28 559 825 307 711 842 839 878 516 204 873 42 663 780 
447 682 649 672 673 522 987 818 781 695 260 630 331 346 255 727 738 691 49 494 877 448 306 563 992 981 895 205 267 893 271 313 495 375 758 148 749 841 627 8 258 799 127 863 869 558 777 34 795 983 508 683 314 442 31 805 378 692 991 482 56 302 81 938 929 674 764 806 929 919 421 537 463 382 625 845 537 686 522 28 568 350 810 128 792 575 687 742 812 346 702 96 291 482 279 911 412 934 301 791 
399 960 197 422 379 154 160 368 319 905 334 253 725 111 449 689 630 728 187 957 220 308 34 444 378 209 655 14 339 128 285 582 883 63 445 908 975 291 190 522 81 314 344 790 482 798 73 604 112 42 114 692 707 137 683 926 957 474 735 360 230 406 189 980 285 284 617 492 862 236 914 607 873 707 189 359 862 173 647 469 464 240 377 229 39 14 771 443 782 559 47 17 421 280 768 898 63 141 927 495 
63 374 675 523 593 502 105 14 454 787 81 180 434 354 97 988 107 605 519 419 664 305 554 986 925 82 458 76 546 764 38 762 269 357 778 881 169 13 124 746 182 447 750 249 95 381 832 394 10 646 107 235 326 636 558 329 753 616 298 288 490 209 713 884 955 798 54 722 353 612 485 697 291 723 257 632 215 902 122 32 719 938 741 420 615 339 254 245 324 766 555 740 680 526 447 149 684 399 478 543 
736 704 315 357 60 129 178 404 340 425 473 630 2 855 847 10 981 124 634 396 310 600 601 166 230 420 991 792 991 328 510 73 783 700 681 855 311 130 110 69 331 307 797 813 335 335 288 626 693 304 258 924 221 19 357 242 793 152 614 868 665 254 281 781 271 670 63 555 178 723 178 72 892 778 0 470 141 345 560 222 236 637 406 512 714 433 413 490 210 699 953 776 537 713 479 928 692 329 967 412 
494 799 889 153 424 711 774 191 484 718 879 678 986 458 726 624 272 392 691 414 41 227 125 256 673 495 438 101 733 956 265 616 842 551 952 222 770 485 581 143 355 862 27 303 633 903 125 79 96 597 91 832 113 103 671 560 549 893 111 422 995 198 794 922 616 814 555 64 465 713 554 664 676 71 896 793 609 483 543 575 839 667 557 348 370 519 770 72 873 7 231 670 84 145 358 569 331 706 388 10 
158 936 475 254 888 717 937 998 944 231 938 46 24 104 122 782 733 589 976 635 470 418 160 458 885 117 820 82 842 461 492 240 255 815 844 90 868 669 171 719 906 578 105 791 113 30 237 114 514 198 488 294 264 216 704 986 235 767 365 483 504 764 488 479 653 518 761 30 571 907 787 778 611 921 806 599 540 332 956 400 827 518 797 837 7 341 961 945 766 162 165 392 793 569 941 486 526 668 927 584 
669 509 264 802 733 902 900 156 303 684 601 606 701 770 378 385 91 683 95 99 187 163 856 168 478 990 913 553 190 570 147 997 866 497 666 94 249 241 661 913 921 779 716 236 233 336 997 443 131 6 515 173 853 232 411 326 293 244 285 308 180 423 826 559 806 890 712 833 112 149 370 323 396 986 75 268 914 18 303 388 50 16 389 4 262 320 599 149 599 63 65 875 910 513 658 529 553 225 878 438 
627 472 87 885 647 572 533 581 251 970 430 877 494 251 80 748 658 904 726 875 792 153 720 478 960 824 976 573 424 906 989 265 934 421 590 691 803 59 719 579 599 576 989 234 438 160 733 885 401 16 314 809 35 169 307 455 852 558 884 54 903 992 443 541 275 189 398 851 596 198 543 498 617 207 627 214 94 267 550 840 147 674 788 350 991 491 878 818 591 552 45 645 595 141 615 594 388 627 730 534 
557 952 949 495 382 542 557 79 794 170 789 997 522 396 263 973 143 139 484 61 569 237 167 795 395 501 748 430 810 386 143 720 909 155 540 420 678 679 314 536 132 849 327 893 853 607 766 722 238 294 782 989 172 478 840 554 839 554 270 394 846 189 108 488 744 221 467 44 239 111 502 251 775 359 576 412 312 973 234 832 902 406 253 172 10 736 246 553 51 35 812 366 119 147 993 932 195 910 83 541 
821 242 595 888 365 204 138 217 655 321 540 787 141 675 386 283 849 509 744 173 462 969 70 938 374 404 709 757 102 299 312 361 19 227 300 229 289 567 609 984 228 335 36 992 557 564 982 73 418 981 370 560 970 816 236 47 401 224 687 605 139 565 408 837 819 680 667 289 321 60 38 610 474 774 889 434 66 753 751 999 194 496 894 539 740 598 246 35 854 98 260 275 653 640 220 300 602 228 497 611 
840 933 88 171 176 592 12 654 499 776 643 555 328 415 51 113 891 157 95 702 946 337 713 397 443 937 302 977 802 838 684 471 810 67 4 531 744 709 424 254 121 201 32 403 89 432 485 885 476 326 148 257 457 299 255 687 155 289 803 693 406 346 643 793 23 264 615 201 577 768 396 363 538 579 982 280 951 524 178 912 331 638 147 524 19 970 526 373 28 623 428 175 129 295 70 890 595 214 217 473 
818 365 678 200 455 240 594 68 423 562 729 618 451 205 633 319 525 915 523 626 283 786 879 828 280 623 854 461 516 309 597 429 657 967 978 137 863 573 990 518 676 16 410 919 372 852 318 971 687 989 32 885 40 753 313 20 921 790 807 298 929 919 867 990 275 262 233 44 294 790 990 786 443 733 980 441 948 995 123 351 394 535 802 140 182 59 24 761 211 863 231 636 607 188 809 545 221 668 631 444 
495 554 563 946 299 556 83 291 385 822 957 28 849 72 821 542 636 430 815 335 462 428 618 400 838 368 70 664 891 368 312 731 932 992 872 728 896 202 660 69 740 960 780 176 582 376 408 186 965 171 815 180 652 629 427 20 776 635 482 626 876 102 359 61 100 563 430 121 895 925 467 594 800 367 464 66 422 644 607 73 335 4 530 539 820 583 910 426 697 145 988 322 122 949 660 256 320 344 230 585 
301 408 670 916 373 767 975 833 321 955 946 462 778 768 325 162 638 910 555 23 181 742 951 659 577 862 795 647 759 902 103 379 310 342 300 69 669 177 623 61 493 751 726 341 15 850 492 7 170 650 363 780 11 345 174 575 462 893 581 579 634 432 561 83 873 703 712 835 923 351 427 850 386 173 153 370 800 872 805 460 400 547 654 540 48 943 766 319 875 651 501 393 180 507 354 271 630 590 811 874 
348 352 914 287 374 816 687 181 662 533 959 424 66 515 796 182 23 154 849 986 786 14 948 555 157 829 432 986 261 615 182 194 223 770 922 623 390 354 641 491 213 166 859 874 734 250 128 253 713 389 661 191 301 171 792 336 20 192 499 735 390 525 944 818 863 405 658 473 723 421 100 653 491 811 761 842 397 566 40 903 53 147 375 644 804 803 390 715 283 62 285 382 245 187 576 159 361 546 49 576 
440 753 464 548 82 235 599 32 860 121 746 818 749 680 231 947 673 279 981 386 16 716 76 573 150 448 72 329 686 949 253 162 968 923 541 632 56 782 371 412 155 176 174 301 310 753 177 710 273 343 829 692 375 65 123 390 112 333 587 359 170 982 689 125 138 196 115 337 413 685 811 626 879 602 377 695 89 647 567 847 407 159 608 635 45 558 767 536 616 22 788 632 742 25 888 975 931 865 936 306 
623 351 581 287 956 70 582 99 257 217 566 418 402 698 566 341 789 578 578 34 49 303 318 634 637 849 472 271 492 1 477 444 94 963 391 797 924 632 527 250 211 123 774 85 870 825 868 701 383 124 85 371 393 120 379 969 101 309 641 181 13 527 189 665 861 523 995 539 569 16 321 272 46 898 322 426 171 911 736 236 208 260 636 589 666 519 184 739 913 187 848 659 337 671 135 293 760 713 391 690 
55 946 150 125 47 361 1 159 537 528 599 115 212 770 379 41 426 266 953 294 248 170 476 37 10 784 387 956 963 896 573 820 477 117 826 529 224 935 114 852 233 801 204 401 233 551 855 181 713 351 239 44 619 79 99 458 178 295 11 713 262 147 537 914 402 628 479 700 749 580 231 878 540 67 456 375 432 47 560 341 701 407 119 453 530 641 759 973 876 681 552 241 470 528 126 914 625 129 269 989 
6 492 1000 852 570 964 70 616 337 581 499 750 42 392 227 743 612 611 932 491 866 631 771 638 670 940 120 497 588 650 164 641 829 605 389 931 327 564 865 375 892 454 625 622 24 825 365 891 9 898 171 587 415 192 59 323 824 697 670 136 610 904 85 437 351 973 506 585 775 281 987 432 510 75 0 34 731 825 974 225 337 171 868 299 870 620 215 61 828 888 359 429 292 811 272 807 570 394 544 125 
961 337 576 627 85 595 131 750 662 391 118 721 983 718 229 589 833 56 588 750 749 916 973 194 776 876 293 361 595 485 271 855 298 528 536 720 753 704 503 371 624 166 113 609 772 533 818 194 240 646 118 160 241 240 618 597 431 243 117 36 704 48 820 213 735 639 138 583 233 348 432 600 259 357 706 200 162 927 365 573 678 683 632 820 357 103 301 341 410 326 495 179 922 939 540 643 216 759 521 932 
413 47 50 202 811 398 414 469 216 703 967 52 206 187 536 206 435 985 71 802 736 801 360 815 365 344 890 32 747 413 290 47 84 376 906 145 365 112 213 289 205 766 293 379 359 644 280 104 806 579 455 817 989 450 905 597 405 933 508 728 511 760 231 958 809 76 166 415 162 133 695 941 789 498 515 308 635 121 24 312 425 303 39 828 16 968 389 17 278 125 945 249 992 345 780 178 96 167 182 608 
164 949 500 968 967 212 365 554 348 471 886 217 372 976 240 863 927 454 599 54 86 659 227 209 366 292 14 204 84 493 250 322 125 544 745 850 364 995 700 58 112 30 464 983 627 182 934 7 761 978 888 79 752 866 59 793 264 818 573 338 746 823 635 92 762 693 740 753 731 351 508 816 338 412 803 426 662 67 275 617 152 817 668 994 270 250 432 773 996 490 494 202 224 104 371 850 313 161 861 232 
314 583 661 544 898 385 112 108 337 782 52 483 520 806 635 451 284 349 420 549 751 769 25 591 361 894 21 522 202 607 49 155 359 734 748 821 217 837 745 489 935 339 946 595 157 759 481 550 884 676 606 494 960 373 897 959 483 623 636 559 811 557 157 775 569 767 154 170 736 409 78 461 919 16 986 632 515 926 832 66 357 516 228 1 474 86 512 519 586 147 832 157 531 88 812 612 136 923 471 412 
38155 37333 37575 35513 37032 36273 38853 42226 33735 34658 35372 37551 40776 35096 41272 36806 36112 34184 41166 38450 40282 36288 36305 34999 33693 39440 37359 33518 37564 38264 
