100 30 30
242 614 351 666 360 196 471 333 431 325 595 484 634 170 575 433 356 198 157 543 450 622 303 686 401 443 411 568 601 256 475 271 590 360 181 199 186 382 372 609 304 283 191 533 396 561 188 391 446 338 420 219 339 613 284 197 629 574 469 376 559 191 493 333 316 520 442 190 488 594 385 602 459 529 400 236 359 391 548 448 646 753 265 534 437 254 347 345 184 354 523 262 536 554 255 275 502 637 317 166 
599 260 634 14 846 327 498 862 301 539 319 281 447 247 725 418 472 719 263 863 25 544 298 547 217 942 284 968 458 142 377 831 103 10 432 651 31 152 106 48 643 833 694 871 910 418 853 574 857 244 128 537 843 140 723 595 35 98 768 987 374 458 980 783 247 53 338 529 810 956 761 780 535 705 566 36 14 982 609 521 302 490 569 226 254 335 998 224 319 157 43 130 264 20 135 754 80 939 296 417 
137 812 599 720 521 540 873 906 423 51 714 186 888 248 394 760 207 786 700 434 422 894 363 204 175 139 620 160 641 471 513 908 963 495 635 510 65 41 349 199 106 906 232 938 78 631 442 492 727 620 285 737 918 869 177 611 995 832 89 161 121 767 158 952 848 950 534 460 320 393 762 997 101 995 410 658 559 998 49 974 143 597 857 549 73 963 36 573 684 210 847 821 170 731 735 862 192 288 840 931 
429 867 841 970 522 933 74 200 710 29 817 510 622 646 399 334 606 303 149 211 738 626 773 251 428 52 707 774 163 254 440 188 152 751 346 615 784 736 461 397 360 421 608 604 404 863 775 996 157 106 524 470 262 295 469 773 149 201 803 720 306 295 175 773 777 118 533 93 911 589 462 289 262 189 247 280 265 279 963 182 54 67 968 884 431 601 572 146 351 202 783 20 932 724 461 207 976 592 457 618 
464 611 307 661 161 366 893 458 357 558 353 518 386 203 483 886 957 633 677 177 201 864 598 426 193 92 130 682 646 348 367 767 841 554 645 271 184 767 899 882 601 765 450 66 856 849 98 196 392 342 718 348 90 779 305 978 81 279 125 438 138 578 79 708 748 107 236 88 683 529 417 192 756 435 405 172 928 822 880 198 896 617 48 345 333 322 384 75 892 638 271 155 724 259 368 737 728 358 951 824 
234 267 559 84 422 968 484 386 450 25 619 100 862 513 363 674 231 189 882 247 227 920 807 721 132 918 275 974 629 330 615 166 334 222 4 381 735 701 596 701 30 610 604 934 824 255 774 205 242 325 40 381 293 278 318 768 546 404 408 435 603 679 628 548 397 345 393 733 671 138 536 390 660 282 923 628 392 466 506 859 508 225 434 652 602 799 36 439 71 276 799 424 947 230 269 73 65 908 398 682 
511 414 742 931 557 64 391 933 173 938 663 764 399 705 599 902 970 204 841 320 265 950 279 140 419 510 3 357 433 736 954 62 910 369 999 13 160 229 89 731 688 864 764 25 738 830 569 793 285 684 956 202 146 859 945 609 693 680 102 527 517 668 958 135 755 244 507 68 293 368 361 725 687 140 906 952 734 216 405 351 276 527 790 388 417 986 388 750 208 67 789 617 790 97 642 455 81 910 345 504 
540 89 46 746 68 60 137 138 121 30 206 190 741 726 863 160 239 564 465 538 245 399 401 937 178 198 429 700 453 480 706 705 869 785 17 684 262 787 81 79 21 456 258 55 786 441 38 236 922 680 528 79 386 109 618 241 531 700 776 375 512 393 198 263 241 936 106 89 773 950 777 550 777 999 418 514 586 462 364 617 308 903 193 299 57 493 303 791 920 578 635 880 971 561 4 50 534 501 480 803 
409 351 377 537 653 178 38 496 389 288 233 744 84 352 571 255 752 550 434 60 337 664 757 439 613 297 29 610 86 992 964 328 586 654 683 999 137 530 197 519 516 276 989 263 466 468 575 596 273 680 633 496 230 271 87 636 62 544 217 462 921 242 486 225 25 226 605 872 637 446 240 232 358 492 15 871 54 938 309 560 491 684 100 524 736 262 369 647 710 719 696 640 517 866 166 415 749 835 472 835 
554 567 311 339 378 936 647 168 440 770 212 516 351 297 756 310 214 822 611 8 93 870 241 383 43 729 923 944 621 418 956 10 903 548 281 207 114 935 799 34 369 989 149 424 635 423 97 463 944 382 316 847 748 675 973 906 124 246 406 917 580 311 912 795 228 365 519 262 405 593 333 253 576 938 320 68 433 831 499 871 894 463 717 652 586 56 659 403 535 689 526 566 95 552 5 496 457 547 657 519 
932 807 690 193 949 210 116 128 368 297 985 326 488 296 613 271 287 29 948 808 580 507 229 251 15 48 618 463 742 869 590 658 445 17 726 590 600 716 498 340 208 156 996 668 374 506 998 143 907 313 136 266 411 540 416 620 957 636 945 490 692 196 479 878 234 453 640 460 329 153 618 568 489 216 780 176 817 891 430 302 270 260 631 130 941 106 562 985 144 94 360 343 833 871 748 45 194 589 817 331 
625 232 195 268 820 454 536 108 376 646 197 138 41 927 720 262 536 312 865 481 104 62 584 767 151 95 316 613 525 65 984 866 430 985 911 24 416 477 809 695 227 673 316 405 490 2 340 503 950 115 254 838 669 651 752 18 317 547 833 96 500 616 519 547 378 229 11 243 260 598 791 680 538 964 139 445 891 339 75 133 926 189 457 143 280 837 113 24 228 227 512 668 229 219 676 525 788 795 938 927 
178 760 553 249 165 296 210 964 891 965 620 712 896 526 697 611 679 533 795 225 162 688 532 795 594 481 359 927 437 836 162 202 602 75 48 792 117 692 337 488 443 837 784 472 213 901 695 748 916 586 341 269 929 962 331 371 618 410 50 394 323 751 188 558 730 824 108 751 393 496 359 442 801 549 791 157 219 410 971 720 110 941 408 316 952 703 150 813 325 951 947 775 64 797 480 769 604 455 213 700 
449 605 380 74 63 861 744 719 412 398 237 521 989 549 996 198 415 282 189 433 115 447 59 124 803 173 69 45 335 583 954 32 893 699 466 224 396 468 628 622 511 761 4 501 50 691 289 27 654 152 911 903 156 179 577 10 836 472 948 648 875 224 804 276 789 705 247 92 272 466 539 233 156 177 280 373 163 886 350 586 461 787 813 951 225 290 38 210 915 765 373 203 712 331 418 774 426 639 316 774 
235 352 221 738 211 881 107 905 970 982 356 941 85 443 887 201 169 164 394 474 248 140 631 926 406 255 261 543 10 534 64 886 669 557 297 224 693 654 483 530 950 68 130 363 229 695 620 101 140 282 708 763 196 542 507 930 358 748 981 343 207 205 76 708 263 682 808 58 376 530 209 734 423 631 610 563 981 135 765 995 594 828 926 549 877 162 281 845 38 499 106 142 368 557 40 112 776 726 369 282 
422 861 581 134 246 24 378 303 957 140 106 747 363 385 637 280 565 977 728 504 224 596 507 652 533 437 300 26 808 90 13 214 214 782 622 170 113 70 666 245 925 406 386 652 280 705 548 844 220 514 193 259 763 62 241 561 199 85 535 809 727 109 884 615 592 213 925 178 794 226 51 334 342 107 150 64 320 173 777 872 792 622 212 589 344 553 708 533 317 222 386 343 277 55 310 990 549 859 41 549 
128 115 293 955 118 509 438 461 691 412 789 742 386 860 120 104 957 662 955 439 758 352 293 402 507 297 194 49 836 975 556 37 259 297 960 2 855 428 785 917 513 374 464 805 563 644 214 467 900 148 679 433 620 298 655 124 999 442 89 17 820 602 12 521 171 733 340 44 144 159 761 326 674 716 793 84 570 175 126 238 76 172 920 802 919 900 905 467 483 195 427 326 399 795 289 472 153 783 64 697 
194 855 891 714 135 30 417 421 647 133 912 568 693 293 901 417 893 319 739 753 918 731 55 848 621 467 229 956 331 973 108 249 971 147 274 231 694 307 88 558 418 820 195 667 263 543 424 288 168 962 116 660 409 627 166 503 452 473 934 628 371 538 402 500 597 987 732 318 457 403 205 985 964 23 560 637 138 283 702 701 662 789 957 693 594 322 600 883 853 293 236 503 776 803 448 690 183 112 586 80 
599 415 817 932 356 75 158 944 975 881 602 385 145 81 518 20 187 729 76 324 705 656 305 726 658 802 167 803 225 809 188 443 368 302 548 609 817 98 335 106 37 32 98 581 376 366 478 329 203 927 963 138 111 73 731 498 130 503 358 798 747 383 617 160 853 193 973 430 29 532 233 540 588 904 279 503 804 491 854 741 34 860 973 844 327 377 675 145 678 505 702 149 621 689 522 647 908 919 781 788 
360 832 724 255 804 66 880 40 331 552 86 893 72 409 234 244 602 647 24 356 328 808 991 231 480 367 975 608 535 944 4 819 400 470 250 849 93 485 823 128 783 734 718 92 85 157 753 809 334 516 931 411 175 117 665 699 411 842 615 875 501 133 90 635 895 239 673 747 240 65 833 375 207 236 717 233 378 785 419 522 381 703 44 414 923 768 579 187 886 90 579 175 414 286 134 324 811 482 193 37 
564 343 289 901 339 811 852 36 862 676 999 41 822 640 43 133 812 263 166 765 369 638 499 758 419 602 577 414 574 792 204 863 760 791 749 34 835 690 386 349 449 150 142 68 889 848 335 624 923 813 274 19 244 262 270 767 34 985 274 713 759 848 896 729 527 48 350 846 808 497 849 611 963 624 608 516 806 631 129 71 103 487 862 739 888 59 285 937 549 204 427 237 935 43 190 499 934 922 644 617 
360 801 31 856 460 986 109 970 717 308 361 18 343 527 307 462 828 908 736 134 627 962 186 210 820 160 805 397 822 622 526 602 213 26 452 475 141 523 164 292 455 519 462 601 174 877 329 932 511 705 774 45 700 132 511 831 896 927 190 702 408 755 77 35 846 74 434 219 972 691 710 323 307 921 897 548 193 112 63 638 916 436 817 717 808 985 779 582 258 929 289 128 443 634 489 891 659 708 23 201 
531 579 563 111 249 721 394 714 305 976 758 506 400 330 310 23 528 961 246 845 994 766 846 138 751 434 298 121 973 165 763 822 929 978 418 680 713 911 408 549 23 614 310 745 12 405 200 732 275 437 816 518 880 52 564 395 228 803 759 887 866 8 768 680 887 313 620 798 819 268 428 323 626 641 726 3 793 764 693 434 537 420 505 239 149 726 180 85 611 22 168 91 572 810 340 896 659 711 625 209 
376 352 438 438 538 2 664 671 934 992 726 82 874 87 440 858 951 737 693 286 938 3 7 847 242 237 815 486 575 932 768 329 182 42 685 884 415 880 657 583 851 760 35 756 918 317 701 661 896 359 600 439 323 897 866 9 788 433 795 59 570 905 34 390 655 466 682 783 57 92 892 850 880 989 315 56 837 855 178 985 47 648 661 41 181 952 754 642 506 861 142 45 348 726 287 527 971 841 669 309 
801 85 895 792 349 918 599 550 176 380 941 606 156 139 132 482 768 121 790 554 685 769 449 773 989 658 270 158 456 862 686 767 822 547 611 936 971 804 575 790 246 741 175 509 664 992 300 747 180 987 440 529 531 958 339 394 341 133 377 369 431 313 500 821 64 263 96 788 449 454 34 528 967 953 943 420 697 848 182 644 514 838 118 327 710 475 701 422 861 215 341 530 369 996 144 727 615 720 821 362 
639 996 193 804 331 664 190 812 377 666 826 877 777 363 584 916 573 457 151 728 540 674 317 447 965 492 145 333 331 39 603 884 157 271 836 786 98 227 276 365 975 191 776 206 745 114 480 8 161 55 105 240 978 443 335 906 603 707 600 847 677 43 673 16 235 974 474 465 173 625 137 734 451 182 839 519 498 882 92 291 968 973 938 317 79 324 308 201 587 792 261 69 883 421 609 472 866 50 652 499 
459 779 892 553 990 952 319 64 492 91 820 429 948 164 827 841 819 821 260 69 446 220 752 927 559 332 401 866 729 530 410 831 235 776 6 197 462 132 786 145 184 566 250 294 740 667 676 355 711 605 630 991 394 478 352 173 848 800 153 863 888 695 515 532 88 105 127 482 429 602 70 498 172 66 772 269 904 539 652 458 641 748 971 653 105 607 142 918 734 786 387 263 167 608 537 268 135 653 478 503 
906 27 268 378 58 984 730 948 992 388 724 879 803 955 483 256 938 198 2 636 738 418 965 450 78 653 769 61 873 244 700 30 829 159 971 171 585 183 46 129 940 604 284 939 924 169 709 208 173 860 235 622 755 222 400 944 53 231 310 296 335 639 545 341 358 765 269 155 265 391 54 126 213 829 291 316 109 430 378 125 315 752 714 835 216 897 83 545 749 294 214 949 624 694 412 926 342 861 511 132 
915 505 971 689 121 327 970 283 228 484 330 367 322 818 575 757 859 72 55 261 205 344 570 821 684 503 350 15 315 551 852 332 493 357 892 84 274 841 505 472 995 704 284 270 308 787 145 530 28 13 468 308 757 368 730 606 227 261 519 817 271 725 866 277 961 178 794 781 128 900 647 876 729 172 841 145 376 939 322 123 601 688 122 182 357 203 5 593 878 397 190 213 121 284 234 381 886 368 533 461 
665 582 110 541 982 831 481 50 550 336 263 97 68 160 928 282 414 708 812 662 491 673 820 897 769 454 60 885 372 496 845 84 22 290 867 412 986 330 331 480 542 60 323 138 451 965 215 58 558 520 455 285 532 89 441 238 504 474 15 157 900 529 113 282 24 670 929 24 437 485 400 674 521 279 188 295 616 808 654 397 343 65 341 294 536 508 269 348 372 369 500 622 484 603 602 200 950 922 798 275 
176 742 808 618 877 176 507 904 730 257 335 394 544 318 607 880 343 498 631 779 575 715 411 366 678 559 455 420 304 30 707 884 114 719 91 734 388 184 423 733 34 350 455 659 89 272 117 829 402 724 736 363 768 638 443 534 177 333 930 38 510 531 455 699 163 736 128 960 589 590 650 838 374 762 865 774 130 7 534 284 695 858 903 372 63 516 21 629 445 564 697 128 913 745 804 160 611 976 216 438 
11635 13405 11951 12062 11809 13151 11272 11775 12615 12246 11553 13534 11461 11854 10878 11899 12991 12404 11764 13355 12859 13094 13685 13741 12359 12807 12121 11811 11433 12710 
556 111 163 457 614 182 896 226 575 580 739 666 841 714 141 765 208 184 332 55 171 378 275 731 15 807 974 938 59 627 629 788 573 38 533 205 523 887 103 985 511 688 731 939 713 43 303 577 768 199 644 631 987 415 860 915 719 663 471 911 373 412 273 643 755 146 90 67 405 591 505 532 539 394 462 641 554 585 956 585 130 660 237 62 699 360 716 113 636 838 34 907 361 629 405 174 187 483 868 934 
413 63 111 312 888 650 111 279 890 995 81 989 623 449 486 398 153 598 253 842 189 540 608 638 60 75 687 476 350 409 463 989 959 968 650 603 879 960 21 729 92 56 63 109 914 888 679 413 568 871 28 57 216 795 356 536 91 21 994 334 300 470 326 837 292 783 641 505 292 123 605 72 21 463 393 428 911 729 612 731 247 960 793 938 192 78 145 655 286 748 479 605 614 551 357 598 605 793 939 742 
907 75 488 485 227 292 519 362 618 499 876 360 6 906 220 897 566 96 10 504 93 274 568 413 863 185 783 325 881 866 138 608 690 431 432 930 851 174 457 650 104 927 944 454 338 381 70 484 172 922 752 869 816 976 177 759 105 849 904 958 631 251 651 113 101 653 645 57 272 945 692 5 814 665 757 193 266 984 363 38 52 565 327 974 581 88 778 804 244 961 253 299 684 676 11 715 381 847 271 7 
547 859 25 285 674 829 878 49 145 915 532 824 153 820 370 13 462 582 25 209 768 292 915 754 48 519 295 751 579 468 576 90 523 313 525 286 564 738 961 167 445 339 634 564 95 694 100 967 679 594 467 935 880 366 71 580 354 173 340 176 446 871 20 694 305 25 487 229 895 138 249 752 216 316 149 449 558 144 960 51 614 750 526 499 957 614 700 760 525 118 15 3 307 338 896 833 618 214 665 663 
599 599 359 58 318 462 464 323 702 675 29 314 451 178 580 508 87 7 984 971 122 108 64 705 387 756 505 91 667 85 218 253 966 979 569 676 923 570 38 903 54 414 875 651 938 914 761 92 205 702 707 387 183 14 306 279 316 537 600 2 430 624 235 929 933 612 285 735 499 544 631 433 413 805 514 723 788 490 870 342 900 797 82 532 229 706 182 927 765 34 625 814 780 203 967 46 519 457 354 432 
125 16 938 816 161 934 350 356 987 920 622 546 795 645 544 128 223 738 588 434 219 354 83 474 344 494 735 983 890 59 35 62 895 231 231 748 458 85 826 550 968 715 469 280 493 179 433 210 209 530 96 212 427 811 117 348 797 693 901 41 191 874 466 461 359 165 458 114 999 89 465 169 515 396 820 882 207 862 658 803 986 384 569 80 57 142 194 663 341 617 203 468 282 691 391 355 911 597 987 942 
794 962 559 323 634 265 707 775 776 248 253 781 833 654 881 335 945 892 683 417 55 945 624 67 667 371 556 676 355 260 272 463 24 361 26 708 862 355 100 314 862 237 777 757 236 190 602 665 11 565 899 109 798 568 897 399 686 325 783 527 629 918 230 711 314 268 97 52 524 494 558 927 776 52 755 266 297 252 276 527 142 748 321 871 720 341 28 559 825 307 711 842 839 878 516 204 873 42 663 780 
447 682 649 672 673 522 987 818 781 695 260 630 331 346 255 727 738 691 49 494 877 448 306 563 992 981 895 205 267 893 271 313 495 375 758 148 749 841 627 8 258 799 127 863 869 558 777 34 795 983 508 683 314 442 31 805 378 692 991 482 56 302 81 938 929 674 764 806 929 919 421 537 463 382 625 845 537 686 522 28 568 350 810 128 792 575 687 742 812 346 702 96 291 482 279 911 412 934 301 791 
399 960 197 422 379 154 160 368 319 905 334 253 725 111 449 689 630 728 187 957 220 308 34 444 378 209 655 14 339 128 285 582 883 63 445 908 975 291 190 522 81 314 344 790 482 798 73 604 112 42 114 692 707 137 683 926 957 474 735 360 230 406 189 980 285 284 617 492 862 236 914 607 873 707 189 359 862 173 647 469 464 240 377 229 39 14 771 443 782 559 47 17 421 280 768 898 63 141 927 495 
63 374 675 523 593 502 105 14 454 787 81 180 434 354 97 988 107 605 519 419 664 305 554 986 925 82 458 76 546 764 38 762 269 357 778 881 169 13 124 746 182 447 750 249 95 381 832 394 10 646 107 235 326 636 558 329 753 616 298 288 490 209 713 884 955 798 54 722 353 612 485 697 291 723 257 632 215 902 122 32 719 938 741 420 615 339 254 245 324 766 555 740 680 526 447 149 684 399 478 543 
736 704 315 357 60 129 178 404 340 425 473 630 2 855 847 10 981 124 634 396 310 600 601 166 230 420 991 792 991 328 510 73 783 700 681 855 311 130 110 69 331 307 797 813 335 335 288 626 693 304 258 924 221 19 357 242 793 152 614 868 665 254 281 781 271 670 63 555 178 723 178 72 892 778 0 470 141 345 560 222 236 637 406 512 714 433 413 490 210 699 953 776 537 713 479 928 692 329 967 412 
494 799 889 153 424 711 774 191 484 718 879 678 986 458 726 624 272 392 691 414 41 227 125 256 673 495 438 101 733 956 265 616 842 551 952 222 770 485 581 143 355 862 27 303 633 903 125 79 96 597 91 832 113 103 671 560 549 893 111 422 995 198 794 922 616 814 555 64 465 713 554 664 676 71 896 793 609 483 543 575 839 667 557 348 370 519 770 72 873 7 231 670 84 145 358 569 331 706 388 10 
158 936 475 254 888 717 937 998 944 231 938 46 24 104 122 782 733 589 976 635 470 418 160 458 885 117 820 82 842 461 492 240 255 815 844 90 868 669 171 719 906 578 105 791 113 30 237 114 514 198 488 294 264 216 704 986 235 767 365 483 504 764 488 479 653 518 761 30 571 907 787 778 611 921 806 599 540 332 956 400 827 518 797 837 7 341 961 945 766 162 165 392 793 569 941 486 526 668 927 584 
669 509 264 802 733 902 900 156 303 684 601 606 701 770 378 385 91 683 95 99 187 163 856 168 478 990 913 553 190 570 147 997 866 497 666 94 249 241 661 913 921 779 716 236 233 336 997 443 131 6 515 173 853 232 411 326 293 244 285 308 180 423 826 559 806 890 712 833 112 149 370 323 396 986 75 268 914 18 303 388 50 16 389 4 262 320 599 149 599 63 65 875 910 513 658 529 553 225 878 438 
627 472 87 885 647 572 533 581 251 970 430 877 494 251 80 748 658 904 726 875 792 153 720 478 960 824 976 573 424 906 989 265 934 421 590 691 803 59 719 579 599 576 989 234 438 160 733 885 401 16 314 809 35 169 307 455 852 558 884 54 903 992 443 541 275 189 398 851 596 198 543 498 617 207 627 214 94 267 550 840 147 674 788 350 991 491 878 818 591 552 45 645 595 141 615 594 388 627 730 534 
557 952 949 495 382 542 557 79 794 170 789 997 522 396 263 973 143 139 484 61 569 237 167 795 395 501 748 430 810 386 143 720 909 155 540 420 678 679 314 536 132 849 327 893 853 607 766 722 238 294 782 989 172 478 840 554 839 554 270 394 846 189 108 488 744 221 467 44 239 111 502 251 775 359 576 412 312 973 234 832 902 406 253 172 10 736 246 553 51 35 812 366 119 147 993 932 195 910 83 541 
821 242 595 888 365 204 138 217 655 321 540 787 141 675 386 283 849 509 744 173 462 969 70 938 374 404 709 757 102 299 312 361 19 227 300 229 289 567 609 984 228 335 36 992 557 564 982 73 418 981 370 560 970 816 236 47 401 224 687 605 139 565 408 837 819 680 667 289 321 60 38 610 474 774 889 434 66 753 751 999 194 496 894 539 740 598 246 35 854 98 260 275 653 640 220 300 602 228 497 611 
840 933 88 171 176 592 12 654 499 776 643 555 328 415 51 113 891 157 95 702 946 337 713 397 443 937 302 977 802 838 684 471 810 67 4 531 744 709 424 254 121 201 32 403 89 432 485 885 476 326 148 257 457 299 255 687 155 289 803 693 406 346 643 793 23 264 615 201 577 768 396 363 538 579 982 280 951 524 178 912 331 638 147 524 19 970 526 373 28 623 428 175 129 295 70 890 595 214 217 473 
818 365 678 200 455 240 594 68 423 562 729 618 451 205 633 319 525 915 523 626 283 786 879 828 280 623 854 461 516 309 597 429 657 967 978 137 863 573 990 518 676 16 410 919 372 852 318 971 687 989 32 885 40 753 313 20 921 790 807 298 929 919 867 990 275 262 233 44 294 790 990 786 443 733 980 441 948 995 123 351 394 535 802 140 182 59 24 761 211 863 231 636 607 188 809 545 221 668 631 444 
495 554 563 946 299 556 83 291 385 822 957 28 849 72 821 542 636 430 815 335 462 428 618 400 838 368 70 664 891 368 312 731 932 992 872 728 896 202 660 69 740 960 780 176 582 376 408 186 965 171 815 180 652 629 427 20 776 635 482 626 876 102 359 61 100 563 430 121 895 925 467 594 800 367 464 66 422 644 607 73 335 4 530 539 820 583 910 426 697 145 988 322 122 949 660 256 320 344 230 585 
301 408 670 916 373 767 975 833 321 955 946 462 778 768 325 162 638 910 555 23 181 742 951 659 577 862 795 647 759 902 103 379 310 342 300 69 669 177 623 61 493 751 726 341 15 850 492 7 170 650 363 780 11 345 174 575 462 893 581 579 634 432 561 83 873 703 712 835 923 351 427 850 386 173 153 370 800 872 805 460 400 547 654 540 48 943 766 319 875 651 501 393 180 507 354 271 630 590 811 874 
348 352 914 287 374 816 687 181 662 533 959 424 66 515 796 182 23 154 849 986 786 14 948 555 157 829 432 986 261 615 182 194 223 770 922 623 390 354 641 491 213 166 859 874 734 250 128 253 713 389 661 191 301 171 792 336 20 192 499 735 390 525 944 818 863 405 658 473 723 421 100 653 491 811 761 842 397 566 40 903 53 147 375 644 804 803 390 715 283 62 285 382 245 187 576 159 361 546 49 576 
440 753 464 548 82 235 599 32 860 121 746 818 749 680 231 947 673 279 981 386 16 716 76 573 150 448 72 329 686 949 253 162 968 923 541 632 56 782 371 412 155 176 174 301 310 753 177 710 273 343 829 692 375 65 123 390 112 333 587 359 170 982 689 125 138 196 115 337 413 685 811 626 879 602 377 695 89 647 567 847 407 159 608 635 45 558 767 536 616 22 788 632 742 25 888 975 931 865 936 306 
623 351 581 287 956 70 582 99 257 217 566 418 402 698 566 341 789 578 578 34 49 303 318 634 637 849 472 271 492 1 477 444 94 963 391 797 924 632 527 250 211 123 774 85 870 825 868 701 383 124 85 371 393 120 379 969 101 309 641 181 13 527 189 665 861 523 995 539 569 16 321 272 46 898 322 426 171 911 736 236 208 260 636 589 666 519 184 739 913 187 848 659 337 671 135 293 760 713 391 690 
55 946 150 125 47 361 1 159 537 528 599 115 212 770 379 41 426 266 953 294 248 170 476 37 10 784 387 956 963 896 573 820 477 117 826 529 224 935 114 852 233 801 204 401 233 551 855 181 713 351 239 44 619 79 99 458 178 295 11 713 262 147 537 914 402 628 479 700 749 580 231 878 540 67 456 375 432 47 560 341 701 407 119 453 530 641 759 973 876 681 552 241 470 528 126 914 625 129 269 989 
6 492 1000 852 570 964 70 616 337 581 499 750 42 392 227 743 612 611 932 491 866 631 771 638 670 940 120 497 588 650 164 641 829 605 389 931 327 564 865 375 892 454 625 622 24 825 365 891 9 898 171 587 415 192 59 323 824 697 670 136 610 904 85 437 351 973 506 585 775 281 987 432 510 75 0 34 731 825 974 225 337 171 868 299 870 620 215 61 828 888 359 429 292 811 272 807 570 394 544 125 
961 337 576 627 85 595 131 750 662 391 118 721 983 718 229 589 833 56 588 750 749 916 973 194 776 876 293 361 595 485 271 855 298 528 536 720 753 704 503 371 624 166 113 609 772 533 818 194 240 646 118 160 241 240 618 597 431 243 117 36 704 48 820 213 735 639 138 583 233 348 432 600 259 357 706 200 162 927 365 573 678 683 632 820 357 103 301 341 410 326 495 179 922 939 540 643 216 759 521 932 
413 47 50 202 811 398 414 469 216 703 967 52 206 187 536 206 435 985 71 802 736 801 360 815 365 344 890 32 747 413 290 47 84 376 906 145 365 112 213 289 205 766 293 379 359 644 280 104 806 579 455 817 989 450 905 597 405 933 508 728 511 760 231 958 809 76 166 415 162 133 695 941 789 498 515 308 635 121 24 312 425 303 39 828 16 968 389 17 278 125 945 249 992 345 780 178 96 167 182 608 
164 949 500 968 967 212 365 554 348 471 886 217 372 976 240 863 927 454 599 54 86 659 227 209 366 292 14 204 84 493 250 322 125 544 745 850 364 995 700 58 112 30 464 983 627 182 934 7 761 978 888 79 752 866 59 793 264 818 573 338 746 823 635 92 762 693 740 753 731 351 508 816 338 412 803 426 662 67 275 617 152 817 668 994 270 250 432 773 996 490 494 202 224 104 371 850 313 161 861 232 
314 583 661 544 898 385 112 108 337 782 52 483 520 806 635 451 284 349 420 549 751 769 25 591 361 894 21 522 202 607 49 155 359 734 748 821 217 837 745 489 935 339 946 595 157 759 481 550 884 676 606 494 960 373 897 959 483 623 636 559 811 557 157 775 569 767 154 170 736 409 78 461 919 16 986 632 515 926 832 66 357 516 228 1 474 86 512 519 586 147 832 157 531 88 812 612 136 923 471 412 
12718 12444 12525 11838 12344 12091 12951 14075 11245 11553 11791 12517 13592 11699 13757 12269 12037 11395 13722 12817 13427 12096 12102 11666 11231 13147 12453 11173 12521 12755 
