100 30 30
279 609 416 755 473 244 623 363 446 404 579 600 675 258 612 586 332 303 135 556 521 500 339 627 536 480 611 616 598 258 333 330 594 403 177 287 171 413 470 760 476 282 242 555 394 550 202 478 486 428 412 316 436 708 227 234 779 694 482 425 580 285 583 281 330 574 523 293 564 629 442 594 452 506 361 362 462 379 598 490 680 730 231 599 533 212 433 455 287 503 516 365 519 564 347 376 492 502 335 225 
237 471 397 472 890 275 661 142 400 829 30 14 360 514 656 862 740 95 758 769 394 697 731 240 708 133 939 504 869 649 952 78 436 271 403 402 824 533 166 686 624 374 99 461 583 814 551 76 425 920 180 698 624 423 546 967 77 958 451 653 351 528 208 697 965 990 494 800 236 509 184 129 455 508 700 231 89 998 717 675 532 907 892 571 855 502 885 612 817 838 2 937 920 486 346 777 872 468 280 497 
253 962 227 759 326 861 624 938 911 520 442 938 989 289 749 363 63 895 85 185 90 952 554 34 145 564 95 702 429 632 327 151 306 892 687 376 126 388 697 559 920 311 357 354 108 617 336 180 137 32 362 204 742 257 793 753 664 737 527 600 61 658 539 776 901 860 603 988 198 591 773 430 292 161 743 924 962 996 36 948 195 980 812 702 847 35 207 190 191 917 129 38 415 275 14 518 614 433 360 579 
806 990 668 479 275 30 760 318 6 313 499 492 271 201 642 616 396 46 246 569 509 649 503 98 827 531 646 575 859 43 525 876 206 122 999 227 190 350 216 953 688 936 563 461 396 631 477 928 606 137 388 10 474 645 126 299 553 720 292 44 822 523 11 281 38 378 878 552 659 883 262 758 144 626 636 325 210 303 52 295 843 940 378 153 14 319 129 905 841 693 143 78 61 177 378 241 935 630 145 694 
684 858 3 99 663 855 624 453 890 720 752 117 701 872 455 302 129 954 750 923 92 847 48 723 442 172 834 643 448 71 207 487 264 677 350 321 291 414 693 805 218 482 73 538 995 364 356 817 124 763 646 803 928 368 959 84 364 612 930 353 353 909 665 354 775 372 632 280 230 111 971 933 284 199 927 910 157 401 385 722 142 365 48 503 663 456 20 929 836 2 403 441 578 903 151 615 362 141 825 272 
367 843 156 981 247 804 569 561 915 286 502 97 399 77 141 960 64 398 174 314 936 13 565 29 43 365 97 110 775 123 249 569 350 217 670 221 571 939 904 795 846 571 538 613 183 85 453 783 51 962 326 423 50 21 143 371 821 624 126 878 840 851 407 186 675 465 202 517 328 643 252 428 284 129 982 72 550 509 392 626 537 237 948 799 633 731 746 4 975 559 430 249 684 32 380 117 135 300 935 557 
359 893 740 947 719 848 890 864 701 635 13 818 352 862 471 580 981 855 630 440 953 834 395 141 739 535 431 329 137 986 86 925 878 64 217 586 398 398 813 975 602 922 253 199 786 726 360 493 158 432 162 168 963 898 203 372 813 866 402 765 313 338 367 28 871 933 339 88 953 774 800 283 599 224 160 586 350 572 575 394 605 510 823 346 365 519 71 580 483 233 83 579 751 956 754 636 697 979 177 868 
705 749 931 190 35 797 197 233 172 857 339 962 64 466 509 951 975 944 406 766 164 11 610 433 995 225 182 107 484 779 220 624 732 581 13 294 863 369 173 909 909 124 373 7 353 379 763 863 834 277 418 291 575 208 233 433 973 312 692 931 969 147 764 722 500 150 887 948 873 534 848 357 367 701 429 159 591 730 706 242 133 103 577 337 46 1 614 425 142 938 979 650 191 534 57 812 464 583 121 936 
395 49 21 531 812 933 754 412 738 702 410 919 752 93 83 217 441 501 66 235 341 606 308 938 493 18 922 980 232 793 314 866 828 844 677 358 195 483 93 116 291 344 755 240 99 168 937 67 462 221 476 661 866 372 439 593 61 919 368 291 868 474 99 402 412 14 216 510 156 32 454 984 120 871 572 292 663 335 331 687 119 608 917 248 237 309 396 240 918 118 514 553 429 413 300 408 459 592 846 634 
95 43 109 552 635 203 270 834 226 83 793 397 491 974 805 980 894 273 698 327 625 270 593 550 586 104 309 500 817 473 190 588 493 301 593 484 547 893 440 908 958 987 810 413 498 336 739 585 966 439 362 199 812 359 253 42 770 899 245 958 943 26 289 203 893 605 939 37 176 428 252 225 482 871 367 311 596 110 897 535 572 999 436 790 953 75 254 997 336 398 493 118 828 482 758 822 686 539 674 289 
146 161 824 544 646 880 248 490 617 647 868 510 216 698 463 629 591 271 235 895 89 523 932 980 839 778 398 230 27 240 359 985 386 915 852 298 218 709 733 480 394 931 127 398 626 63 253 603 574 437 253 888 758 207 244 831 115 713 353 188 985 396 818 388 431 147 681 896 887 535 61 864 133 883 256 367 754 406 107 194 54 764 940 176 296 172 299 857 861 559 415 734 89 942 835 964 353 16 304 488 
868 389 808 889 580 822 24 257 169 592 364 473 560 77 879 863 574 457 537 64 895 453 255 45 788 902 761 928 296 778 590 971 225 784 512 93 318 4 7 419 733 501 86 640 619 135 231 332 688 351 128 822 799 3 426 345 753 781 909 928 12 394 758 681 14 87 203 442 4 319 732 647 928 564 370 255 902 99 804 409 654 230 502 857 303 911 896 834 576 706 391 899 21 760 206 698 515 378 714 426 
596 356 304 11 225 533 39 165 83 296 53 196 712 484 587 491 366 588 208 385 841 749 278 443 684 403 446 846 392 594 604 659 896 573 11 25 249 873 718 652 978 222 548 935 255 755 345 402 325 607 323 379 516 839 443 678 968 19 872 389 70 151 699 654 239 361 252 175 614 671 759 282 633 542 270 448 666 539 230 95 354 946 849 715 562 920 486 926 609 472 754 335 588 319 85 211 337 817 772 927 
858 264 778 521 10 552 782 697 248 579 194 970 863 749 737 192 857 719 806 25 183 28 13 436 514 621 114 491 902 900 35 487 204 771 886 655 300 19 594 920 996 171 455 483 938 559 356 122 739 516 228 713 338 652 448 884 800 590 99 316 791 739 544 40 100 97 228 333 607 807 795 334 355 164 259 986 670 624 418 561 231 608 448 316 795 946 973 382 623 852 688 31 626 397 988 978 914 232 444 564 
267 253 888 827 230 422 815 655 216 289 819 4 46 378 818 755 577 910 145 844 613 47 721 644 873 107 703 438 470 883 437 946 992 92 491 336 446 591 898 26 345 905 798 229 886 923 257 542 316 246 407 925 324 366 69 986 67 964 601 762 281 376 840 672 567 460 866 467 50 642 246 227 594 385 244 914 841 962 414 85 412 61 845 952 995 249 637 715 48 536 9 271 546 751 853 62 310 894 157 341 
778 556 856 514 641 648 156 21 454 695 736 848 873 89 660 303 858 993 289 918 497 792 904 565 457 137 867 28 383 866 389 53 286 103 763 431 168 711 487 716 29 875 865 423 780 538 700 792 530 374 689 435 396 331 141 379 590 677 75 538 17 783 698 141 455 139 725 721 695 293 461 913 718 573 239 226 515 480 924 980 385 486 228 769 571 458 154 267 745 836 165 760 517 917 404 652 851 231 303 882 
348 514 790 962 202 342 562 801 536 924 941 868 185 212 330 786 149 876 325 684 411 557 321 845 489 13 170 842 732 35 249 840 256 895 993 728 543 589 267 52 370 46 7 966 681 445 149 404 330 690 150 366 298 640 758 915 383 910 773 943 809 992 650 813 460 891 7 283 31 203 586 939 618 653 721 995 545 403 867 441 154 939 6 488 272 134 421 841 950 153 709 698 482 325 787 911 463 359 416 675 
177 391 711 85 950 25 332 187 905 854 165 767 430 831 381 972 420 870 285 390 14 221 746 293 840 43 972 72 681 90 147 464 877 146 633 636 112 307 272 446 810 45 754 152 108 439 411 712 751 769 591 460 7 226 603 118 425 705 548 358 298 509 545 114 19 11 306 934 150 810 13 188 298 312 308 418 910 307 648 582 263 230 307 2 361 913 112 615 471 656 588 426 571 743 66 905 180 546 479 845 
954 551 978 805 331 8 65 54 627 609 219 428 110 974 433 327 653 34 523 358 433 255 660 756 131 785 813 253 87 864 403 127 484 177 703 897 556 804 225 604 660 228 668 75 130 504 464 876 226 900 658 740 919 950 131 956 609 561 3 390 228 861 588 365 234 737 838 807 309 621 253 436 175 137 421 324 157 877 161 914 496 831 758 57 762 438 331 994 479 706 500 684 243 215 43 40 78 214 213 89 
919 698 413 350 718 786 780 949 175 396 780 63 487 476 943 118 480 967 153 430 53 178 47 550 228 928 503 150 422 528 5 38 96 59 161 202 599 23 930 703 390 453 608 308 527 954 212 937 283 335 456 648 945 713 38 846 504 480 41 896 980 232 270 925 546 977 752 672 740 95 934 314 932 457 662 225 481 17 446 811 834 593 590 928 613 840 974 170 773 206 921 766 72 277 711 1000 124 580 708 336 
365 418 505 486 151 599 990 982 588 122 404 940 717 874 708 374 815 862 10 100 501 691 439 608 552 320 913 717 446 243 274 594 1000 577 467 667 89 624 135 643 623 357 264 36 276 564 225 450 617 411 640 418 303 302 154 630 885 648 107 278 513 894 733 741 551 91 292 745 938 59 138 792 437 209 776 787 703 135 751 979 691 592 545 654 251 495 355 400 72 254 103 625 547 478 859 363 688 345 331 120 
648 217 839 445 947 870 876 856 487 538 460 379 243 373 517 310 106 439 361 78 720 225 659 375 462 258 693 706 157 426 585 399 92 193 37 442 914 933 846 117 731 581 24 888 322 425 227 99 618 925 758 416 437 657 647 425 857 50 770 308 541 591 630 168 63 403 333 214 635 621 380 953 763 785 613 412 49 588 228 477 925 458 624 293 743 207 285 877 788 384 659 599 497 727 993 754 344 512 287 787 
13 863 286 955 903 525 657 909 847 335 720 644 386 629 535 415 159 771 739 44 767 177 888 605 751 658 547 692 103 503 491 80 488 754 254 925 319 194 852 701 212 305 14 472 49 47 869 845 811 644 986 750 227 295 321 940 569 377 812 496 268 145 800 300 340 22 618 173 708 199 624 698 248 843 71 113 419 639 192 6 133 522 185 27 822 457 245 349 822 508 419 188 688 221 103 321 922 564 827 221 
685 501 963 941 828 156 731 927 686 581 641 916 628 501 609 883 362 168 749 633 454 378 417 698 129 836 480 837 888 980 512 795 554 147 285 62 663 388 713 250 732 370 79 949 104 615 946 301 646 411 184 254 945 715 966 1000 353 341 810 370 736 965 346 136 539 129 344 285 304 84 618 394 892 517 403 74 746 829 692 475 394 27 168 965 616 415 337 279 271 945 6 334 265 455 489 461 392 832 618 427 
841 260 694 879 958 87 469 620 504 977 62 876 783 871 274 646 857 8 755 159 20 567 171 738 347 251 909 656 714 583 316 197 970 258 68 736 642 695 700 273 404 827 849 647 675 816 881 537 902 723 484 544 654 983 211 182 694 320 221 890 95 567 213 598 153 897 214 207 345 974 714 778 309 81 260 446 624 821 859 470 750 194 740 10 455 450 292 858 555 566 458 75 353 751 47 525 1000 390 17 506 
226 339 460 543 387 78 849 136 637 94 578 636 777 221 850 413 389 311 846 318 553 294 995 259 919 584 583 234 117 356 784 827 60 758 317 800 415 320 581 788 946 628 203 821 895 770 23 817 114 927 499 242 544 976 626 842 522 137 320 37 722 344 625 104 850 520 995 373 935 247 307 755 400 734 633 168 857 676 114 726 205 441 209 598 296 483 485 824 736 195 552 141 335 76 605 715 817 393 399 678 
101 699 217 830 141 509 722 644 950 776 556 924 999 318 665 554 113 855 356 20 667 629 304 348 314 136 364 778 338 231 233 27 368 685 224 779 163 832 431 115 838 241 501 635 214 501 50 262 836 837 441 456 33 95 864 513 556 578 957 926 782 141 464 555 264 613 512 115 985 600 911 36 185 940 677 595 796 790 581 74 911 36 282 595 316 266 783 155 334 93 89 463 900 312 21 224 389 58 985 790 
511 260 347 918 567 915 691 211 376 234 202 629 92 229 303 412 916 365 878 619 687 71 39 205 436 419 864 657 415 532 122 36 869 348 419 938 25 606 568 941 42 433 889 465 738 127 346 861 687 169 461 842 495 1000 41 176 590 219 984 533 319 948 587 525 644 113 303 561 509 620 444 143 802 1 113 941 977 378 593 101 639 469 339 654 942 840 901 376 946 722 870 894 684 385 390 905 338 891 974 681 
509 733 334 459 889 645 611 8 546 727 645 35 538 842 585 408 821 184 844 317 849 792 970 138 630 556 185 568 681 33 137 947 280 122 903 967 453 314 382 516 715 622 981 8 74 951 71 888 227 560 973 415 793 235 835 259 349 644 741 882 784 443 759 207 759 898 927 260 872 514 924 135 598 446 426 413 854 708 860 703 791 895 737 902 500 254 674 839 874 698 9 423 288 809 306 365 344 574 830 139 
209 301 227 362 146 215 988 544 943 42 818 283 523 53 536 146 377 991 495 359 539 701 518 511 983 605 504 381 581 61 915 610 448 978 83 589 79 346 787 210 395 736 70 957 199 763 577 330 753 446 106 588 522 805 444 441 583 620 113 415 780 975 134 194 30 705 245 801 262 726 54 195 884 823 707 876 201 224 21 544 178 635 506 956 534 563 379 719 558 896 855 147 863 797 785 619 849 587 265 804 
557 107 670 491 609 350 615 554 219 269 604 386 662 591 496 952 895 694 258 591 534 25 16 385 822 479 578 821 259 887 655 303 438 642 931 602 386 222 179 326 779 665 246 434 364 434 603 192 461 855 898 515 822 149 76 65 415 836 106 16 531 46 727 826 680 723 708 704 791 54 47 192 947 45 442 238 436 531 388 884 697 333 299 225 191 431 85 178 548 620 73 92 393 359 520 725 131 837 290 21 
40613 37475 33926 37976 34193 41642 37673 34387 39195 38110 37936 36560 39274 38705 39692 40109 33068 35490 38657 37298 37937 36071 39638 39339 38092 35900 39324 42050 38045 34484 
556 111 163 457 614 182 896 226 575 580 739 666 841 714 141 765 208 184 332 55 171 378 275 731 15 807 974 938 59 627 629 788 573 38 533 205 523 887 103 985 511 688 731 939 713 43 303 577 768 199 644 631 987 415 860 915 719 663 471 911 373 412 273 643 755 146 90 67 405 591 505 532 539 394 462 641 554 585 956 585 130 660 237 62 699 360 716 113 636 838 34 907 361 629 405 174 187 483 868 934 
413 63 111 312 888 650 111 279 890 995 81 989 623 449 486 398 153 598 253 842 189 540 608 638 60 75 687 476 350 409 463 989 959 968 650 603 879 960 21 729 92 56 63 109 914 888 679 413 568 871 28 57 216 795 356 536 91 21 994 334 300 470 326 837 292 783 641 505 292 123 605 72 21 463 393 428 911 729 612 731 247 960 793 938 192 78 145 655 286 748 479 605 614 551 357 598 605 793 939 742 
907 75 488 485 227 292 519 362 618 499 876 360 6 906 220 897 566 96 10 504 93 274 568 413 863 185 783 325 881 866 138 608 690 431 432 930 851 174 457 650 104 927 944 454 338 381 70 484 172 922 752 869 816 976 177 759 105 849 904 958 631 251 651 113 101 653 645 57 272 945 692 5 814 665 757 193 266 984 363 38 52 565 327 974 581 88 778 804 244 961 253 299 684 676 11 715 381 847 271 7 
547 859 25 285 674 829 878 49 145 915 532 824 153 820 370 13 462 582 25 209 768 292 915 754 48 519 295 751 579 468 576 90 523 313 525 286 564 738 961 167 445 339 634 564 95 694 100 967 679 594 467 935 880 366 71 580 354 173 340 176 446 871 20 694 305 25 487 229 895 138 249 752 216 316 149 449 558 144 960 51 614 750 526 499 957 614 700 760 525 118 15 3 307 338 896 833 618 214 665 663 
599 599 359 58 318 462 464 323 702 675 29 314 451 178 580 508 87 7 984 971 122 108 64 705 387 756 505 91 667 85 218 253 966 979 569 676 923 570 38 903 54 414 875 651 938 914 761 92 205 702 707 387 183 14 306 279 316 537 600 2 430 624 235 929 933 612 285 735 499 544 631 433 413 805 514 723 788 490 870 342 900 797 82 532 229 706 182 927 765 34 625 814 780 203 967 46 519 457 354 432 
125 16 938 816 161 934 350 356 987 920 622 546 795 645 544 128 223 738 588 434 219 354 83 474 344 494 735 983 890 59 35 62 895 231 231 748 458 85 826 550 968 715 469 280 493 179 433 210 209 530 96 212 427 811 117 348 797 693 901 41 191 874 466 461 359 165 458 114 999 89 465 169 515 396 820 882 207 862 658 803 986 384 569 80 57 142 194 663 341 617 203 468 282 691 391 355 911 597 987 942 
794 962 559 323 634 265 707 775 776 248 253 781 833 654 881 335 945 892 683 417 55 945 624 67 667 371 556 676 355 260 272 463 24 361 26 708 862 355 100 314 862 237 777 757 236 190 602 665 11 565 899 109 798 568 897 399 686 325 783 527 629 918 230 711 314 268 97 52 524 494 558 927 776 52 755 266 297 252 276 527 142 748 321 871 720 341 28 559 825 307 711 842 839 878 516 204 873 42 663 780 
447 682 649 672 673 522 987 818 781 695 260 630 331 346 255 727 738 691 49 494 877 448 306 563 992 981 895 205 267 893 271 313 495 375 758 148 749 841 627 8 258 799 127 863 869 558 777 34 795 983 508 683 314 442 31 805 378 692 991 482 56 302 81 938 929 674 764 806 929 919 421 537 463 382 625 845 537 686 522 28 568 350 810 128 792 575 687 742 812 346 702 96 291 482 279 911 412 934 301 791 
399 960 197 422 379 154 160 368 319 905 334 253 725 111 449 689 630 728 187 957 220 308 34 444 378 209 655 14 339 128 285 582 883 63 445 908 975 291 190 522 81 314 344 790 482 798 73 604 112 42 114 692 707 137 683 926 957 474 735 360 230 406 189 980 285 284 617 492 862 236 914 607 873 707 189 359 862 173 647 469 464 240 377 229 39 14 771 443 782 559 47 17 421 280 768 898 63 141 927 495 
63 374 675 523 593 502 105 14 454 787 81 180 434 354 97 988 107 605 519 419 664 305 554 986 925 82 458 76 546 764 38 762 269 357 778 881 169 13 124 746 182 447 750 249 95 381 832 394 10 646 107 235 326 636 558 329 753 616 298 288 490 209 713 884 955 798 54 722 353 612 485 697 291 723 257 632 215 902 122 32 719 938 741 420 615 339 254 245 324 766 555 740 680 526 447 149 684 399 478 543 
736 704 315 357 60 129 178 404 340 425 473 630 2 855 847 10 981 124 634 396 310 600 601 166 230 420 991 792 991 328 510 73 783 700 681 855 311 130 110 69 331 307 797 813 335 335 288 626 693 304 258 924 221 19 357 242 793 152 614 868 665 254 281 781 271 670 63 555 178 723 178 72 892 778 0 470 141 345 560 222 236 637 406 512 714 433 413 490 210 699 953 776 537 713 479 928 692 329 967 412 
494 799 889 153 424 711 774 191 484 718 879 678 986 458 726 624 272 392 691 414 41 227 125 256 673 495 438 101 733 956 265 616 842 551 952 222 770 485 581 143 355 862 27 303 633 903 125 79 96 597 91 832 113 103 671 560 549 893 111 422 995 198 794 922 616 814 555 64 465 713 554 664 676 71 896 793 609 483 543 575 839 667 557 348 370 519 770 72 873 7 231 670 84 145 358 569 331 706 388 10 
158 936 475 254 888 717 937 998 944 231 938 46 24 104 122 782 733 589 976 635 470 418 160 458 885 117 820 82 842 461 492 240 255 815 844 90 868 669 171 719 906 578 105 791 113 30 237 114 514 198 488 294 264 216 704 986 235 767 365 483 504 764 488 479 653 518 761 30 571 907 787 778 611 921 806 599 540 332 956 400 827 518 797 837 7 341 961 945 766 162 165 392 793 569 941 486 526 668 927 584 
669 509 264 802 733 902 900 156 303 684 601 606 701 770 378 385 91 683 95 99 187 163 856 168 478 990 913 553 190 570 147 997 866 497 666 94 249 241 661 913 921 779 716 236 233 336 997 443 131 6 515 173 853 232 411 326 293 244 285 308 180 423 826 559 806 890 712 833 112 149 370 323 396 986 75 268 914 18 303 388 50 16 389 4 262 320 599 149 599 63 65 875 910 513 658 529 553 225 878 438 
627 472 87 885 647 572 533 581 251 970 430 877 494 251 80 748 658 904 726 875 792 153 720 478 960 824 976 573 424 906 989 265 934 421 590 691 803 59 719 579 599 576 989 234 438 160 733 885 401 16 314 809 35 169 307 455 852 558 884 54 903 992 443 541 275 189 398 851 596 198 543 498 617 207 627 214 94 267 550 840 147 674 788 350 991 491 878 818 591 552 45 645 595 141 615 594 388 627 730 534 
557 952 949 495 382 542 557 79 794 170 789 997 522 396 263 973 143 139 484 61 569 237 167 795 395 501 748 430 810 386 143 720 909 155 540 420 678 679 314 536 132 849 327 893 853 607 766 722 238 294 782 989 172 478 840 554 839 554 270 394 846 189 108 488 744 221 467 44 239 111 502 251 775 359 576 412 312 973 234 832 902 406 253 172 10 736 246 553 51 35 812 366 119 147 993 932 195 910 83 541 
821 242 595 888 365 204 138 217 655 321 540 787 141 675 386 283 849 509 744 173 462 969 70 938 374 404 709 757 102 299 312 361 19 227 300 229 289 567 609 984 228 335 36 992 557 564 982 73 418 981 370 560 970 816 236 47 401 224 687 605 139 565 408 837 819 680 667 289 321 60 38 610 474 774 889 434 66 753 751 999 194 496 894 539 740 598 246 35 854 98 260 275 653 640 220 300 602 228 497 611 
840 933 88 171 176 592 12 654 499 776 643 555 328 415 51 113 891 157 95 702 946 337 713 397 443 937 302 977 802 838 684 471 810 67 4 531 744 709 424 254 121 201 32 403 89 432 485 885 476 326 148 257 457 299 255 687 155 289 803 693 406 346 643 793 23 264 615 201 577 768 396 363 538 579 982 280 951 524 178 912 331 638 147 524 19 970 526 373 28 623 428 175 129 295 70 890 595 214 217 473 
818 365 678 200 455 240 594 68 423 562 729 618 451 205 633 319 525 915 523 626 283 786 879 828 280 623 854 461 516 309 597 429 657 967 978 137 863 573 990 518 676 16 410 919 372 852 318 971 687 989 32 885 40 753 313 20 921 790 807 298 929 919 867 990 275 262 233 44 294 790 990 786 443 733 980 441 948 995 123 351 394 535 802 140 182 59 24 761 211 863 231 636 607 188 809 545 221 668 631 444 
495 554 563 946 299 556 83 291 385 822 957 28 849 72 821 542 636 430 815 335 462 428 618 400 838 368 70 664 891 368 312 731 932 992 872 728 896 202 660 69 740 960 780 176 582 376 408 186 965 171 815 180 652 629 427 20 776 635 482 626 876 102 359 61 100 563 430 121 895 925 467 594 800 367 464 66 422 644 607 73 335 4 530 539 820 583 910 426 697 145 988 322 122 949 660 256 320 344 230 585 
301 408 670 916 373 767 975 833 321 955 946 462 778 768 325 162 638 910 555 23 181 742 951 659 577 862 795 647 759 902 103 379 310 342 300 69 669 177 623 61 493 751 726 341 15 850 492 7 170 650 363 780 11 345 174 575 462 893 581 579 634 432 561 83 873 703 712 835 923 351 427 850 386 173 153 370 800 872 805 460 400 547 654 540 48 943 766 319 875 651 501 393 180 507 354 271 630 590 811 874 
348 352 914 287 374 816 687 181 662 533 959 424 66 515 796 182 23 154 849 986 786 14 948 555 157 829 432 986 261 615 182 194 223 770 922 623 390 354 641 491 213 166 859 874 734 250 128 253 713 389 661 191 301 171 792 336 20 192 499 735 390 525 944 818 863 405 658 473 723 421 100 653 491 811 761 842 397 566 40 903 53 147 375 644 804 803 390 715 283 62 285 382 245 187 576 159 361 546 49 576 
440 753 464 548 82 235 599 32 860 121 746 818 749 680 231 947 673 279 981 386 16 716 76 573 150 448 72 329 686 949 253 162 968 923 541 632 56 782 371 412 155 176 174 301 310 753 177 710 273 343 829 692 375 65 123 390 112 333 587 359 170 982 689 125 138 196 115 337 413 685 811 626 879 602 377 695 89 647 567 847 407 159 608 635 45 558 767 536 616 22 788 632 742 25 888 975 931 865 936 306 
623 351 581 287 956 70 582 99 257 217 566 418 402 698 566 341 789 578 578 34 49 303 318 634 637 849 472 271 492 1 477 444 94 963 391 797 924 632 527 250 211 123 774 85 870 825 868 701 383 124 85 371 393 120 379 969 101 309 641 181 13 527 189 665 861 523 995 539 569 16 321 272 46 898 322 426 171 911 736 236 208 260 636 589 666 519 184 739 913 187 848 659 337 671 135 293 760 713 391 690 
55 946 150 125 47 361 1 159 537 528 599 115 212 770 379 41 426 266 953 294 248 170 476 37 10 784 387 956 963 896 573 820 477 117 826 529 224 935 114 852 233 801 204 401 233 551 855 181 713 351 239 44 619 79 99 458 178 295 11 713 262 147 537 914 402 628 479 700 749 580 231 878 540 67 456 375 432 47 560 341 701 407 119 453 530 641 759 973 876 681 552 241 470 528 126 914 625 129 269 989 
6 492 1000 852 570 964 70 616 337 581 499 750 42 392 227 743 612 611 932 491 866 631 771 638 670 940 120 497 588 650 164 641 829 605 389 931 327 564 865 375 892 454 625 622 24 825 365 891 9 898 171 587 415 192 59 323 824 697 670 136 610 904 85 437 351 973 506 585 775 281 987 432 510 75 0 34 731 825 974 225 337 171 868 299 870 620 215 61 828 888 359 429 292 811 272 807 570 394 544 125 
961 337 576 627 85 595 131 750 662 391 118 721 983 718 229 589 833 56 588 750 749 916 973 194 776 876 293 361 595 485 271 855 298 528 536 720 753 704 503 371 624 166 113 609 772 533 818 194 240 646 118 160 241 240 618 597 431 243 117 36 704 48 820 213 735 639 138 583 233 348 432 600 259 357 706 200 162 927 365 573 678 683 632 820 357 103 301 341 410 326 495 179 922 939 540 643 216 759 521 932 
413 47 50 202 811 398 414 469 216 703 967 52 206 187 536 206 435 985 71 802 736 801 360 815 365 344 890 32 747 413 290 47 84 376 906 145 365 112 213 289 205 766 293 379 359 644 280 104 806 579 455 817 989 450 905 597 405 933 508 728 511 760 231 958 809 76 166 415 162 133 695 941 789 498 515 308 635 121 24 312 425 303 39 828 16 968 389 17 278 125 945 249 992 345 780 178 96 167 182 608 
164 949 500 968 967 212 365 554 348 471 886 217 372 976 240 863 927 454 599 54 86 659 227 209 366 292 14 204 84 493 250 322 125 544 745 850 364 995 700 58 112 30 464 983 627 182 934 7 761 978 888 79 752 866 59 793 264 818 573 338 746 823 635 92 762 693 740 753 731 351 508 816 338 412 803 426 662 67 275 617 152 817 668 994 270 250 432 773 996 490 494 202 224 104 371 850 313 161 861 232 
314 583 661 544 898 385 112 108 337 782 52 483 520 806 635 451 284 349 420 549 751 769 25 591 361 894 21 522 202 607 49 155 359 734 748 821 217 837 745 489 935 339 946 595 157 759 481 550 884 676 606 494 960 373 897 959 483 623 636 559 811 557 157 775 569 767 154 170 736 409 78 461 919 16 986 632 515 926 832 66 357 516 228 1 474 86 512 519 586 147 832 157 531 88 812 612 136 923 471 412 
38155 37333 37575 35513 37032 36273 38853 42226 33735 34658 35372 37551 40776 35096 41272 36806 36112 34184 41166 38450 40282 36288 36305 34999 33693 39440 37359 33518 37564 38264 
