100 30 30
266 585 345 649 490 194 507 315 450 431 461 528 683 209 474 522 220 258 148 708 495 459 429 643 359 572 558 560 667 267 433 373 550 313 207 265 412 433 391 578 279 258 269 451 540 518 227 370 493 389 463 226 333 693 343 188 647 515 401 394 521 233 655 369 388 630 484 294 517 677 414 608 447 451 370 417 428 340 686 417 736 730 185 464 570 194 394 258 147 497 607 406 524 460 332 236 368 434 379 153 
708 804 997 614 87 269 999 676 341 938 202 493 980 111 760 969 464 508 344 393 475 220 310 248 742 648 657 330 346 922 287 30 244 513 944 653 812 567 605 768 748 3 631 155 905 287 415 827 99 922 489 753 285 27 423 899 91 42 174 943 718 406 979 631 633 302 692 682 472 257 278 841 510 219 506 333 995 62 862 424 751 356 349 202 793 374 182 840 575 846 605 371 83 292 588 198 489 364 927 510 
172 314 626 487 281 762 195 810 522 297 838 232 995 547 245 845 178 819 404 765 728 165 566 80 98 876 977 461 118 978 370 999 390 418 136 810 711 359 329 427 62 27 31 539 863 14 528 842 917 325 249 419 776 118 936 356 490 157 355 890 511 440 468 606 680 578 873 121 903 58 269 689 495 681 241 769 843 830 512 481 867 17 756 683 166 610 92 848 59 767 346 470 885 63 238 451 361 810 853 942 
881 156 407 154 542 397 379 393 576 850 843 874 653 730 846 483 498 632 442 565 213 43 686 89 374 478 888 942 897 992 436 536 357 500 399 511 762 407 238 789 692 947 361 261 970 925 87 188 133 656 353 105 128 952 990 915 572 102 658 383 753 639 861 678 500 491 396 272 251 413 793 379 745 80 940 242 122 468 927 142 45 707 762 429 821 398 291 92 990 134 819 366 767 500 553 50 164 312 47 77 
409 522 366 29 278 689 482 241 949 158 693 201 740 896 797 321 146 918 965 204 132 327 140 682 317 193 743 610 431 931 263 158 780 235 387 809 451 303 851 42 131 964 826 429 337 48 921 461 497 216 803 347 422 680 348 877 850 502 80 528 68 101 989 339 909 995 472 305 416 233 713 788 653 254 949 562 948 842 23 585 105 467 174 825 973 50 740 158 422 146 628 946 227 358 897 572 178 103 583 75 
550 40 458 217 569 330 264 920 373 439 327 325 507 943 398 686 351 4 108 556 90 246 795 753 357 788 923 865 45 105 94 888 612 603 743 191 545 363 385 190 869 854 248 136 845 621 906 186 814 966 740 233 820 552 100 45 753 802 34 122 573 409 957 257 586 355 255 864 245 990 40 110 611 351 3 68 801 108 475 324 841 609 651 171 814 59 16 895 470 517 927 71 59 822 78 132 912 743 411 818 
707 253 142 391 999 211 304 296 126 949 65 542 296 156 194 716 879 852 591 349 254 911 794 567 477 624 935 978 950 767 659 695 44 824 411 648 585 801 127 588 412 623 979 790 804 384 913 570 431 726 752 200 768 976 394 292 37 728 193 235 284 444 407 957 137 78 983 83 145 506 175 303 555 706 170 766 139 84 383 31 118 334 612 216 133 487 448 284 786 677 91 551 419 110 398 501 241 23 410 30 
679 261 185 931 755 15 6 836 303 600 677 753 269 574 627 605 923 5 172 945 148 488 822 318 314 115 569 512 916 836 819 338 340 19 924 14 589 462 662 114 215 62 131 217 674 438 132 86 636 408 581 33 779 40 386 135 153 366 887 532 258 396 522 832 967 283 122 225 400 198 36 990 19 147 345 567 503 621 112 357 991 595 421 133 479 686 198 116 736 316 818 466 508 216 177 78 392 342 537 365 
372 471 61 993 779 553 182 467 995 451 431 321 396 475 465 190 585 873 92 44 392 671 624 578 136 439 86 853 599 35 193 288 761 466 164 467 248 527 235 245 462 961 832 626 947 51 220 274 504 753 242 215 367 455 761 492 760 449 434 373 796 986 844 211 127 302 39 661 169 870 127 53 753 814 941 359 429 336 452 514 715 647 704 668 831 475 255 888 763 727 284 670 112 604 40 246 871 731 103 333 
205 397 747 171 322 611 259 658 81 132 730 166 773 274 183 117 175 91 88 573 137 689 349 912 898 80 61 561 464 210 116 220 175 477 479 167 699 583 709 329 367 23 813 614 67 523 495 552 711 912 276 253 179 454 221 547 426 159 221 916 914 291 485 801 652 261 435 808 411 667 785 390 367 144 263 530 526 449 640 407 975 866 101 151 487 238 836 231 424 600 790 967 605 765 963 230 365 453 62 616 
666 430 400 903 457 183 902 250 919 509 193 624 192 199 337 154 271 962 81 596 308 252 609 194 457 288 254 170 35 6 233 774 673 376 114 837 861 77 282 166 317 326 379 588 505 874 25 208 42 713 421 18 487 210 477 669 926 221 869 29 765 728 620 57 942 410 598 672 332 849 220 566 632 460 70 659 50 936 700 152 848 979 968 80 215 354 995 592 381 787 505 422 419 906 390 67 131 603 637 633 
773 772 564 25 848 104 785 477 347 987 931 649 881 649 481 344 46 117 491 754 421 915 970 175 245 148 744 298 663 196 199 382 776 437 890 785 254 154 621 355 676 875 14 724 566 547 833 345 915 483 789 309 254 164 487 855 715 847 610 535 266 596 595 328 157 685 805 909 208 368 858 579 702 767 509 994 470 432 544 362 215 218 512 463 928 566 89 5 526 410 947 995 276 844 18 87 652 211 415 52 
144 445 120 717 847 615 7 201 696 928 13 884 560 109 13 90 260 482 760 915 757 333 676 180 870 451 76 555 454 423 317 1000 333 782 214 243 921 156 597 146 422 596 521 912 488 257 907 884 672 280 364 311 480 593 53 723 222 794 488 531 209 818 146 127 352 878 293 676 723 141 94 757 896 163 460 348 454 784 308 367 430 655 340 434 687 254 525 616 118 184 87 97 255 443 28 634 79 698 388 208 
205 411 884 90 436 526 405 145 674 362 125 721 797 775 81 964 362 395 805 907 949 333 889 772 616 827 356 618 235 308 180 543 312 821 541 257 436 980 509 464 516 446 233 419 181 209 554 94 105 880 405 540 107 890 485 588 2 585 17 997 381 780 229 56 138 243 441 498 359 758 340 903 804 276 766 829 527 924 144 990 277 894 565 819 361 134 652 552 582 350 396 284 844 512 975 941 773 870 458 645 
741 723 114 575 283 645 661 911 81 56 115 493 389 868 788 872 245 818 278 346 749 73 677 887 560 611 505 292 688 910 726 122 422 675 622 336 920 360 46 450 701 678 611 491 713 787 307 419 441 21 363 928 46 186 772 270 306 346 20 951 115 890 645 249 850 583 609 714 907 318 617 356 546 494 887 312 137 954 921 307 628 832 554 236 705 746 856 257 856 392 600 500 439 354 577 865 474 814 394 517 
52 894 797 901 80 143 384 27 310 153 391 978 326 666 148 644 718 753 602 800 364 586 972 733 266 399 448 12 884 905 946 992 923 785 274 183 607 433 350 382 30 25 509 463 895 411 553 41 694 62 713 675 53 938 745 416 358 368 915 249 210 559 649 133 777 470 2 425 272 805 984 936 787 458 563 921 768 124 592 523 999 545 391 17 451 856 175 294 466 462 897 31 651 649 463 139 20 213 659 907 
217 402 831 153 828 123 336 338 912 956 666 162 155 627 330 324 390 683 861 623 262 128 579 408 248 446 299 721 822 599 726 341 732 1 83 8 785 12 645 56 135 300 590 775 905 515 490 915 543 163 52 99 642 598 641 18 575 390 878 801 734 460 410 958 640 313 811 687 515 365 802 548 85 179 598 384 913 665 865 773 420 209 412 394 887 657 27 862 50 858 104 737 301 410 185 656 605 218 968 116 
792 512 382 575 178 18 728 990 300 390 173 636 303 132 948 156 35 640 944 532 392 857 760 939 217 156 552 617 828 229 386 433 850 26 458 559 974 944 973 336 408 250 399 206 615 949 549 545 816 900 329 749 697 564 975 485 172 647 746 691 347 794 545 516 144 805 134 749 34 717 668 144 967 356 790 941 12 771 519 161 341 340 917 55 293 858 61 201 5 389 261 780 44 528 36 222 50 761 242 753 
293 266 798 573 464 604 859 191 527 719 274 580 482 649 174 355 421 484 442 885 548 438 858 917 102 215 868 616 633 821 877 771 455 687 227 63 771 443 846 669 30 240 341 121 800 530 594 145 551 121 885 314 785 97 561 726 241 272 624 736 411 537 168 595 832 475 930 725 520 336 790 912 395 718 201 82 5 544 401 49 301 618 110 240 156 758 121 192 326 818 306 903 594 406 970 913 41 598 532 953 
496 300 461 350 637 242 141 734 571 730 85 515 822 222 415 391 558 830 91 889 219 605 327 573 845 779 172 237 536 353 841 578 169 134 656 704 772 531 99 788 585 680 932 119 338 117 278 239 341 273 983 986 626 90 450 18 516 257 158 135 311 507 937 175 237 958 138 358 960 706 193 5 663 771 191 260 146 120 756 696 779 293 876 779 858 825 545 414 415 991 808 606 965 228 155 529 83 373 233 752 
130 822 351 818 806 930 141 700 844 750 89 186 600 188 43 388 763 369 901 217 38 685 265 476 634 853 104 169 11 66 998 686 49 104 455 633 4 638 23 558 410 160 860 109 218 270 324 61 261 610 454 322 570 828 474 624 62 118 111 365 86 742 985 88 788 943 959 371 635 622 181 545 819 669 302 537 274 402 287 637 577 141 251 139 882 156 803 593 762 926 314 294 987 657 777 477 262 595 735 161 
834 699 614 503 655 534 294 589 793 465 227 782 310 721 453 515 838 27 955 985 389 117 567 716 385 849 687 199 684 557 537 337 657 164 891 326 574 410 62 59 326 657 9 55 827 511 868 809 686 748 363 294 831 164 766 760 642 376 595 725 879 421 995 980 80 169 76 807 537 353 12 17 41 197 224 839 570 70 720 823 666 244 955 73 120 474 529 368 37 150 804 118 672 249 621 914 72 347 729 795 
342 588 664 977 866 83 961 112 587 430 808 99 939 158 690 771 592 624 510 389 843 26 955 804 30 972 41 403 751 418 441 32 95 43 884 657 882 635 340 744 460 720 116 159 352 983 489 122 351 821 85 718 250 252 648 797 457 451 293 455 231 117 765 855 739 508 718 59 392 422 977 433 615 772 742 265 745 465 608 295 646 977 208 925 140 253 746 475 761 489 66 822 7 196 821 656 987 714 327 621 
851 331 983 697 778 817 892 123 342 900 494 746 492 637 245 553 848 845 378 804 590 515 855 463 335 727 456 259 693 554 518 760 477 34 503 722 751 255 423 947 359 366 628 59 513 512 677 658 398 90 936 345 433 363 878 316 856 336 15 8 483 326 212 636 870 756 177 210 942 655 606 394 165 730 754 410 869 19 863 271 270 71 308 554 545 337 156 524 968 892 873 143 587 494 209 386 852 201 908 66 
757 984 291 400 886 942 344 103 561 438 580 98 865 417 413 944 326 603 668 510 225 821 136 32 7 689 956 352 473 927 97 946 750 378 740 573 268 898 669 498 659 983 180 122 574 850 132 153 408 268 964 372 866 867 938 563 351 479 783 855 395 281 640 938 239 910 865 265 582 886 498 851 541 40 967 302 941 802 912 646 567 833 781 484 355 20 448 56 65 297 663 727 812 84 232 186 386 52 923 572 
717 908 558 241 190 625 820 807 966 792 162 15 116 741 663 128 845 595 25 119 367 279 919 239 299 251 298 194 654 675 818 566 551 281 915 110 590 993 36 14 873 356 322 675 437 829 873 630 406 917 830 791 79 959 53 409 193 475 758 594 884 819 334 991 422 879 590 257 869 960 254 809 38 351 328 708 988 339 252 991 104 869 55 866 331 43 378 228 444 6 331 74 146 461 670 406 48 589 874 305 
460 351 68 289 294 648 379 945 64 447 520 491 154 112 83 566 90 635 926 896 766 340 467 449 658 976 604 277 679 84 549 776 562 86 108 294 696 904 172 418 266 728 348 82 764 864 99 173 861 774 304 356 790 292 107 129 939 141 93 579 947 124 432 476 751 555 726 872 220 558 435 446 728 694 681 229 758 589 783 93 986 669 769 530 604 462 230 649 277 435 444 495 938 179 603 646 907 249 620 279 
298 139 159 711 732 490 719 370 257 606 615 559 651 159 457 312 448 235 74 368 872 202 375 187 966 579 869 815 982 893 596 819 282 886 529 788 324 963 166 154 227 715 498 932 807 20 383 808 323 546 840 240 156 723 951 325 261 668 304 637 232 313 646 932 517 895 65 540 626 594 981 972 166 37 673 930 550 429 980 400 147 580 64 111 706 214 419 22 745 805 241 593 522 805 340 874 729 279 14 728 
598 262 165 426 721 475 340 330 976 265 24 377 762 376 705 887 97 522 604 367 561 438 51 827 483 528 428 37 176 165 354 705 270 320 901 859 997 950 730 36 22 273 170 308 463 454 292 598 281 431 514 958 774 496 60 771 123 578 7 93 962 2 858 413 212 215 486 591 16 701 572 80 230 364 723 967 538 655 848 869 514 358 501 68 902 995 397 217 986 988 588 457 717 21 569 157 598 635 864 149 
28 753 857 550 682 922 635 107 660 603 127 916 356 422 564 481 155 965 685 853 921 421 28 219 226 471 485 833 910 597 91 807 735 144 843 894 529 660 970 456 723 936 679 83 208 143 352 725 964 225 277 423 150 942 599 745 730 919 639 465 699 588 102 43 763 237 512 456 995 530 671 718 81 385 16 538 772 674 624 768 145 676 325 799 899 854 685 77 156 717 94 133 358 265 18 851 191 174 881 867 
376 115 331 573 237 924 452 577 594 407 22 322 42 168 477 444 535 22 85 533 888 234 644 45 45 147 535 661 20 347 997 657 41 399 421 677 919 81 793 320 522 61 832 307 616 941 108 648 962 317 176 643 766 158 343 537 298 227 228 419 240 237 869 945 429 303 527 430 80 168 344 15 474 828 222 387 817 714 395 362 620 707 517 373 783 423 743 233 188 360 858 739 765 107 537 442 284 146 647 439 
38695 37917 37974 36620 35243 35302 32101 35873 33561 34371 38819 33707 38654 39748 37925 36468 37345 37546 36086 34543 37289 38794 39023 40482 37374 36780 38540 35808 39619 32935 
556 111 163 457 614 182 896 226 575 580 739 666 841 714 141 765 208 184 332 55 171 378 275 731 15 807 974 938 59 627 629 788 573 38 533 205 523 887 103 985 511 688 731 939 713 43 303 577 768 199 644 631 987 415 860 915 719 663 471 911 373 412 273 643 755 146 90 67 405 591 505 532 539 394 462 641 554 585 956 585 130 660 237 62 699 360 716 113 636 838 34 907 361 629 405 174 187 483 868 934 
413 63 111 312 888 650 111 279 890 995 81 989 623 449 486 398 153 598 253 842 189 540 608 638 60 75 687 476 350 409 463 989 959 968 650 603 879 960 21 729 92 56 63 109 914 888 679 413 568 871 28 57 216 795 356 536 91 21 994 334 300 470 326 837 292 783 641 505 292 123 605 72 21 463 393 428 911 729 612 731 247 960 793 938 192 78 145 655 286 748 479 605 614 551 357 598 605 793 939 742 
907 75 488 485 227 292 519 362 618 499 876 360 6 906 220 897 566 96 10 504 93 274 568 413 863 185 783 325 881 866 138 608 690 431 432 930 851 174 457 650 104 927 944 454 338 381 70 484 172 922 752 869 816 976 177 759 105 849 904 958 631 251 651 113 101 653 645 57 272 945 692 5 814 665 757 193 266 984 363 38 52 565 327 974 581 88 778 804 244 961 253 299 684 676 11 715 381 847 271 7 
547 859 25 285 674 829 878 49 145 915 532 824 153 820 370 13 462 582 25 209 768 292 915 754 48 519 295 751 579 468 576 90 523 313 525 286 564 738 961 167 445 339 634 564 95 694 100 967 679 594 467 935 880 366 71 580 354 173 340 176 446 871 20 694 305 25 487 229 895 138 249 752 216 316 149 449 558 144 960 51 614 750 526 499 957 614 700 760 525 118 15 3 307 338 896 833 618 214 665 663 
599 599 359 58 318 462 464 323 702 675 29 314 451 178 580 508 87 7 984 971 122 108 64 705 387 756 505 91 667 85 218 253 966 979 569 676 923 570 38 903 54 414 875 651 938 914 761 92 205 702 707 387 183 14 306 279 316 537 600 2 430 624 235 929 933 612 285 735 499 544 631 433 413 805 514 723 788 490 870 342 900 797 82 532 229 706 182 927 765 34 625 814 780 203 967 46 519 457 354 432 
125 16 938 816 161 934 350 356 987 920 622 546 795 645 544 128 223 738 588 434 219 354 83 474 344 494 735 983 890 59 35 62 895 231 231 748 458 85 826 550 968 715 469 280 493 179 433 210 209 530 96 212 427 811 117 348 797 693 901 41 191 874 466 461 359 165 458 114 999 89 465 169 515 396 820 882 207 862 658 803 986 384 569 80 57 142 194 663 341 617 203 468 282 691 391 355 911 597 987 942 
794 962 559 323 634 265 707 775 776 248 253 781 833 654 881 335 945 892 683 417 55 945 624 67 667 371 556 676 355 260 272 463 24 361 26 708 862 355 100 314 862 237 777 757 236 190 602 665 11 565 899 109 798 568 897 399 686 325 783 527 629 918 230 711 314 268 97 52 524 494 558 927 776 52 755 266 297 252 276 527 142 748 321 871 720 341 28 559 825 307 711 842 839 878 516 204 873 42 663 780 
447 682 649 672 673 522 987 818 781 695 260 630 331 346 255 727 738 691 49 494 877 448 306 563 992 981 895 205 267 893 271 313 495 375 758 148 749 841 627 8 258 799 127 863 869 558 777 34 795 983 508 683 314 442 31 805 378 692 991 482 56 302 81 938 929 674 764 806 929 919 421 537 463 382 625 845 537 686 522 28 568 350 810 128 792 575 687 742 812 346 702 96 291 482 279 911 412 934 301 791 
399 960 197 422 379 154 160 368 319 905 334 253 725 111 449 689 630 728 187 957 220 308 34 444 378 209 655 14 339 128 285 582 883 63 445 908 975 291 190 522 81 314 344 790 482 798 73 604 112 42 114 692 707 137 683 926 957 474 735 360 230 406 189 980 285 284 617 492 862 236 914 607 873 707 189 359 862 173 647 469 464 240 377 229 39 14 771 443 782 559 47 17 421 280 768 898 63 141 927 495 
63 374 675 523 593 502 105 14 454 787 81 180 434 354 97 988 107 605 519 419 664 305 554 986 925 82 458 76 546 764 38 762 269 357 778 881 169 13 124 746 182 447 750 249 95 381 832 394 10 646 107 235 326 636 558 329 753 616 298 288 490 209 713 884 955 798 54 722 353 612 485 697 291 723 257 632 215 902 122 32 719 938 741 420 615 339 254 245 324 766 555 740 680 526 447 149 684 399 478 543 
736 704 315 357 60 129 178 404 340 425 473 630 2 855 847 10 981 124 634 396 310 600 601 166 230 420 991 792 991 328 510 73 783 700 681 855 311 130 110 69 331 307 797 813 335 335 288 626 693 304 258 924 221 19 357 242 793 152 614 868 665 254 281 781 271 670 63 555 178 723 178 72 892 778 0 470 141 345 560 222 236 637 406 512 714 433 413 490 210 699 953 776 537 713 479 928 692 329 967 412 
494 799 889 153 424 711 774 191 484 718 879 678 986 458 726 624 272 392 691 414 41 227 125 256 673 495 438 101 733 956 265 616 842 551 952 222 770 485 581 143 355 862 27 303 633 903 125 79 96 597 91 832 113 103 671 560 549 893 111 422 995 198 794 922 616 814 555 64 465 713 554 664 676 71 896 793 609 483 543 575 839 667 557 348 370 519 770 72 873 7 231 670 84 145 358 569 331 706 388 10 
158 936 475 254 888 717 937 998 944 231 938 46 24 104 122 782 733 589 976 635 470 418 160 458 885 117 820 82 842 461 492 240 255 815 844 90 868 669 171 719 906 578 105 791 113 30 237 114 514 198 488 294 264 216 704 986 235 767 365 483 504 764 488 479 653 518 761 30 571 907 787 778 611 921 806 599 540 332 956 400 827 518 797 837 7 341 961 945 766 162 165 392 793 569 941 486 526 668 927 584 
669 509 264 802 733 902 900 156 303 684 601 606 701 770 378 385 91 683 95 99 187 163 856 168 478 990 913 553 190 570 147 997 866 497 666 94 249 241 661 913 921 779 716 236 233 336 997 443 131 6 515 173 853 232 411 326 293 244 285 308 180 423 826 559 806 890 712 833 112 149 370 323 396 986 75 268 914 18 303 388 50 16 389 4 262 320 599 149 599 63 65 875 910 513 658 529 553 225 878 438 
627 472 87 885 647 572 533 581 251 970 430 877 494 251 80 748 658 904 726 875 792 153 720 478 960 824 976 573 424 906 989 265 934 421 590 691 803 59 719 579 599 576 989 234 438 160 733 885 401 16 314 809 35 169 307 455 852 558 884 54 903 992 443 541 275 189 398 851 596 198 543 498 617 207 627 214 94 267 550 840 147 674 788 350 991 491 878 818 591 552 45 645 595 141 615 594 388 627 730 534 
557 952 949 495 382 542 557 79 794 170 789 997 522 396 263 973 143 139 484 61 569 237 167 795 395 501 748 430 810 386 143 720 909 155 540 420 678 679 314 536 132 849 327 893 853 607 766 722 238 294 782 989 172 478 840 554 839 554 270 394 846 189 108 488 744 221 467 44 239 111 502 251 775 359 576 412 312 973 234 832 902 406 253 172 10 736 246 553 51 35 812 366 119 147 993 932 195 910 83 541 
821 242 595 888 365 204 138 217 655 321 540 787 141 675 386 283 849 509 744 173 462 969 70 938 374 404 709 757 102 299 312 361 19 227 300 229 289 567 609 984 228 335 36 992 557 564 982 73 418 981 370 560 970 816 236 47 401 224 687 605 139 565 408 837 819 680 667 289 321 60 38 610 474 774 889 434 66 753 751 999 194 496 894 539 740 598 246 35 854 98 260 275 653 640 220 300 602 228 497 611 
840 933 88 171 176 592 12 654 499 776 643 555 328 415 51 113 891 157 95 702 946 337 713 397 443 937 302 977 802 838 684 471 810 67 4 531 744 709 424 254 121 201 32 403 89 432 485 885 476 326 148 257 457 299 255 687 155 289 803 693 406 346 643 793 23 264 615 201 577 768 396 363 538 579 982 280 951 524 178 912 331 638 147 524 19 970 526 373 28 623 428 175 129 295 70 890 595 214 217 473 
818 365 678 200 455 240 594 68 423 562 729 618 451 205 633 319 525 915 523 626 283 786 879 828 280 623 854 461 516 309 597 429 657 967 978 137 863 573 990 518 676 16 410 919 372 852 318 971 687 989 32 885 40 753 313 20 921 790 807 298 929 919 867 990 275 262 233 44 294 790 990 786 443 733 980 441 948 995 123 351 394 535 802 140 182 59 24 761 211 863 231 636 607 188 809 545 221 668 631 444 
495 554 563 946 299 556 83 291 385 822 957 28 849 72 821 542 636 430 815 335 462 428 618 400 838 368 70 664 891 368 312 731 932 992 872 728 896 202 660 69 740 960 780 176 582 376 408 186 965 171 815 180 652 629 427 20 776 635 482 626 876 102 359 61 100 563 430 121 895 925 467 594 800 367 464 66 422 644 607 73 335 4 530 539 820 583 910 426 697 145 988 322 122 949 660 256 320 344 230 585 
301 408 670 916 373 767 975 833 321 955 946 462 778 768 325 162 638 910 555 23 181 742 951 659 577 862 795 647 759 902 103 379 310 342 300 69 669 177 623 61 493 751 726 341 15 850 492 7 170 650 363 780 11 345 174 575 462 893 581 579 634 432 561 83 873 703 712 835 923 351 427 850 386 173 153 370 800 872 805 460 400 547 654 540 48 943 766 319 875 651 501 393 180 507 354 271 630 590 811 874 
348 352 914 287 374 816 687 181 662 533 959 424 66 515 796 182 23 154 849 986 786 14 948 555 157 829 432 986 261 615 182 194 223 770 922 623 390 354 641 491 213 166 859 874 734 250 128 253 713 389 661 191 301 171 792 336 20 192 499 735 390 525 944 818 863 405 658 473 723 421 100 653 491 811 761 842 397 566 40 903 53 147 375 644 804 803 390 715 283 62 285 382 245 187 576 159 361 546 49 576 
440 753 464 548 82 235 599 32 860 121 746 818 749 680 231 947 673 279 981 386 16 716 76 573 150 448 72 329 686 949 253 162 968 923 541 632 56 782 371 412 155 176 174 301 310 753 177 710 273 343 829 692 375 65 123 390 112 333 587 359 170 982 689 125 138 196 115 337 413 685 811 626 879 602 377 695 89 647 567 847 407 159 608 635 45 558 767 536 616 22 788 632 742 25 888 975 931 865 936 306 
623 351 581 287 956 70 582 99 257 217 566 418 402 698 566 341 789 578 578 34 49 303 318 634 637 849 472 271 492 1 477 444 94 963 391 797 924 632 527 250 211 123 774 85 870 825 868 701 383 124 85 371 393 120 379 969 101 309 641 181 13 527 189 665 861 523 995 539 569 16 321 272 46 898 322 426 171 911 736 236 208 260 636 589 666 519 184 739 913 187 848 659 337 671 135 293 760 713 391 690 
55 946 150 125 47 361 1 159 537 528 599 115 212 770 379 41 426 266 953 294 248 170 476 37 10 784 387 956 963 896 573 820 477 117 826 529 224 935 114 852 233 801 204 401 233 551 855 181 713 351 239 44 619 79 99 458 178 295 11 713 262 147 537 914 402 628 479 700 749 580 231 878 540 67 456 375 432 47 560 341 701 407 119 453 530 641 759 973 876 681 552 241 470 528 126 914 625 129 269 989 
6 492 1000 852 570 964 70 616 337 581 499 750 42 392 227 743 612 611 932 491 866 631 771 638 670 940 120 497 588 650 164 641 829 605 389 931 327 564 865 375 892 454 625 622 24 825 365 891 9 898 171 587 415 192 59 323 824 697 670 136 610 904 85 437 351 973 506 585 775 281 987 432 510 75 0 34 731 825 974 225 337 171 868 299 870 620 215 61 828 888 359 429 292 811 272 807 570 394 544 125 
961 337 576 627 85 595 131 750 662 391 118 721 983 718 229 589 833 56 588 750 749 916 973 194 776 876 293 361 595 485 271 855 298 528 536 720 753 704 503 371 624 166 113 609 772 533 818 194 240 646 118 160 241 240 618 597 431 243 117 36 704 48 820 213 735 639 138 583 233 348 432 600 259 357 706 200 162 927 365 573 678 683 632 820 357 103 301 341 410 326 495 179 922 939 540 643 216 759 521 932 
413 47 50 202 811 398 414 469 216 703 967 52 206 187 536 206 435 985 71 802 736 801 360 815 365 344 890 32 747 413 290 47 84 376 906 145 365 112 213 289 205 766 293 379 359 644 280 104 806 579 455 817 989 450 905 597 405 933 508 728 511 760 231 958 809 76 166 415 162 133 695 941 789 498 515 308 635 121 24 312 425 303 39 828 16 968 389 17 278 125 945 249 992 345 780 178 96 167 182 608 
164 949 500 968 967 212 365 554 348 471 886 217 372 976 240 863 927 454 599 54 86 659 227 209 366 292 14 204 84 493 250 322 125 544 745 850 364 995 700 58 112 30 464 983 627 182 934 7 761 978 888 79 752 866 59 793 264 818 573 338 746 823 635 92 762 693 740 753 731 351 508 816 338 412 803 426 662 67 275 617 152 817 668 994 270 250 432 773 996 490 494 202 224 104 371 850 313 161 861 232 
314 583 661 544 898 385 112 108 337 782 52 483 520 806 635 451 284 349 420 549 751 769 25 591 361 894 21 522 202 607 49 155 359 734 748 821 217 837 745 489 935 339 946 595 157 759 481 550 884 676 606 494 960 373 897 959 483 623 636 559 811 557 157 775 569 767 154 170 736 409 78 461 919 16 986 632 515 926 832 66 357 516 228 1 474 86 512 519 586 147 832 157 531 88 812 612 136 923 471 412 
38155 37333 37575 35513 37032 36273 38853 42226 33735 34658 35372 37551 40776 35096 41272 36806 36112 34184 41166 38450 40282 36288 36305 34999 33693 39440 37359 33518 37564 38264 
