100 30 30
-6 -146 252 -106 482 -159 530 -63 -53 -148 -53 -102 333 566 415 364 242 378 314 -94 -126 398 382 -197 -135 -196 -9 370 -1 -109 479 250 -40 -203 389 337 362 -180 361 246 450 377 337 272 489 396 -33 -83 241 340 487 -37 -89 277 -73 344 -62 -19 -64 -168 -49 329 268 -51 -179 351 387 469 -51 285 -112 -125 -14 416 269 270 336 -142 443 -37 -85 -57 -106 -78 535 422 -149 393 -50 615 -156 -166 -151 392 380 300 -23 363 -137 -38 
913 348 272 218 380 374 65 213 472 12 78 835 848 213 229 388 158 975 973 594 75 72 846 688 56 69 633 732 867 853 159 349 761 628 546 259 38 8 6 792 764 830 541 770 495 923 493 550 837 33 138 388 766 807 418 460 472 247 349 148 495 126 217 166 446 118 767 139 472 228 335 819 917 48 12 311 406 183 143 757 111 610 932 417 367 692 47 715 832 551 485 93 526 500 890 312 266 476 45 148 
948 801 261 764 923 195 938 915 900 307 244 552 83 754 949 114 756 927 533 413 624 282 888 856 745 100 681 204 596 835 61 932 729 127 408 844 460 349 569 164 65 6 580 993 545 759 578 344 655 343 555 721 257 299 903 317 310 224 815 232 340 189 151 500 223 7 512 483 201 377 878 3 597 929 742 343 209 243 478 25 86 476 442 321 593 7 674 716 455 872 324 301 555 241 754 452 375 176 188 313 
203 461 876 967 192 356 507 841 244 70 31 902 683 263 97 100 954 64 304 885 411 139 656 755 287 320 735 981 431 770 469 247 281 801 529 186 227 269 227 937 504 191 422 151 845 40 378 921 347 213 162 247 322 593 138 682 970 466 62 405 249 94 962 99 635 613 374 379 541 54 438 357 303 575 562 468 349 309 714 394 468 447 416 356 333 435 979 378 259 573 358 637 988 620 229 501 225 202 674 162 
118 727 555 503 408 973 861 445 737 281 724 333 469 78 193 587 962 33 266 115 266 251 816 412 112 219 404 223 396 888 191 207 478 239 339 285 508 689 757 34 163 793 366 531 423 432 886 444 499 689 504 677 791 732 124 596 693 467 271 312 714 6 483 313 213 246 198 56 513 44 954 243 82 319 249 757 161 392 687 22 839 341 773 55 91 727 234 412 340 805 264 792 205 444 302 874 756 269 723 681 
257 909 653 976 790 35 861 521 363 619 747 243 182 861 569 451 573 269 593 908 731 376 693 894 44 179 738 872 73 228 315 998 258 477 782 960 351 52 569 312 5 331 484 153 800 288 499 40 637 405 914 28 620 189 982 596 935 666 837 421 742 281 789 288 262 187 837 53 974 346 391 826 447 760 111 929 38 63 356 277 371 967 172 3 366 723 973 81 663 146 143 223 642 151 843 343 701 263 505 933 
865 830 452 735 737 689 39 804 311 792 508 524 783 876 72 963 98 90 848 508 74 714 234 39 958 331 819 931 693 18 812 642 610 815 763 455 916 686 242 600 106 486 738 419 105 531 118 626 550 571 440 783 866 411 948 61 712 647 173 260 815 244 203 578 560 318 746 378 175 872 425 806 218 87 175 44 258 653 542 306 996 614 996 784 494 668 389 770 2 859 11 818 564 52 465 735 211 986 938 336 
930 150 788 966 276 707 131 989 81 745 607 209 314 834 341 600 334 629 855 772 995 430 315 764 891 874 804 463 292 867 986 208 285 441 330 984 985 91 262 287 638 863 306 64 690 479 715 63 450 991 744 36 163 920 414 540 972 855 765 475 673 946 723 12 33 752 12 356 586 686 639 482 681 80 895 32 844 270 6 982 363 770 649 354 282 362 587 25 136 994 619 308 996 143 789 579 420 571 594 706 
694 572 678 326 650 252 429 559 638 558 445 603 48 764 193 878 272 187 691 74 701 308 367 856 508 241 544 644 616 475 795 482 461 766 981 779 210 321 157 990 937 327 681 223 400 24 498 887 286 228 998 289 141 828 577 144 761 728 923 225 12 56 904 724 111 684 954 81 176 946 127 261 214 802 706 810 542 683 945 487 619 716 660 244 383 442 9 252 379 493 743 776 688 921 401 136 172 908 958 376 
588 404 650 900 244 535 927 308 743 127 185 141 567 588 172 725 811 983 222 924 291 823 4 267 413 534 333 477 781 193 697 88 174 458 999 27 411 317 401 404 268 60 360 905 802 179 983 258 265 907 41 192 264 943 513 336 641 840 477 333 608 688 290 617 350 649 782 890 99 36 759 532 70 969 879 194 532 225 348 348 505 148 17 216 906 476 31 904 822 102 105 183 935 252 970 571 757 379 30 560 
69 821 51 563 252 126 414 554 574 631 709 476 748 733 736 515 593 982 662 331 787 833 752 98 578 834 80 534 418 760 577 239 384 895 739 113 678 820 900 815 278 236 616 328 897 699 508 203 309 654 389 258 592 632 756 512 191 860 382 65 884 223 284 718 179 419 864 773 364 426 234 475 70 513 269 105 312 337 445 983 110 620 613 227 749 115 410 679 735 154 514 702 325 752 210 380 433 256 113 113 
14 569 880 852 981 869 750 679 809 556 389 454 589 406 846 295 923 451 277 216 243 939 228 491 669 116 977 739 119 366 591 675 557 192 29 859 44 113 481 970 124 750 674 738 945 479 711 262 536 823 179 868 586 375 926 154 994 866 938 594 126 646 978 981 376 488 138 536 201 220 70 802 450 863 205 153 682 932 18 136 166 968 205 969 940 23 654 921 838 571 709 176 111 464 137 525 239 968 159 748 
630 103 239 279 666 621 309 541 144 567 148 900 844 173 707 912 553 74 37 1 192 118 169 774 801 515 46 780 442 696 75 485 114 73 354 480 875 307 883 868 443 816 904 516 522 743 764 753 514 961 650 43 736 179 695 37 764 967 558 963 897 985 600 332 45 74 128 159 336 214 319 231 68 278 964 151 145 765 257 604 677 979 414 973 606 211 926 971 104 621 180 728 509 466 243 697 815 987 688 347 
294 729 504 550 810 489 889 252 575 416 26 473 44 824 897 160 858 222 768 409 301 212 758 244 868 556 479 116 192 395 43 283 150 713 592 338 765 618 119 709 366 351 710 424 614 129 778 948 5 467 387 79 604 876 325 119 24 454 810 252 713 747 81 185 761 352 228 1 101 1 741 617 293 314 678 417 995 230 387 193 782 290 911 765 99 686 25 9 176 145 5 827 57 426 570 11 206 382 863 4 
594 444 188 583 284 530 98 699 868 790 697 423 77 52 38 147 716 346 113 938 284 396 328 920 136 216 389 163 485 18 903 171 789 86 75 424 260 78 561 952 983 945 31 446 2 664 190 193 150 727 262 514 693 64 306 739 774 70 603 783 54 868 21 686 836 532 596 701 291 287 532 143 630 1000 891 278 589 286 56 303 474 405 256 480 969 716 964 547 27 108 851 528 290 717 921 860 193 792 893 180 
675 36 131 599 472 658 358 374 863 935 587 933 294 821 758 398 138 8 589 274 328 617 191 726 559 204 802 63 387 506 918 374 395 990 278 546 173 256 928 472 230 107 232 362 60 118 81 963 143 381 735 134 179 53 325 450 615 754 361 22 19 553 577 235 891 596 924 262 541 601 976 515 92 385 935 304 523 73 417 918 384 826 216 473 622 273 301 514 969 806 326 592 759 141 348 995 523 86 750 157 
385 365 527 422 768 833 440 990 275 629 837 681 718 816 344 761 304 532 817 711 285 121 152 455 353 951 128 558 876 781 931 461 655 925 949 323 803 604 218 779 444 434 294 714 687 446 929 295 642 559 447 273 684 706 96 418 848 294 460 108 684 481 676 535 73 288 25 88 891 633 238 929 534 1 620 619 525 293 577 195 194 945 415 944 740 889 606 880 132 419 697 269 445 537 457 331 430 167 652 566 
954 873 499 982 50 10 527 274 151 716 89 246 522 682 59 675 951 783 465 66 165 973 911 641 38 621 474 161 127 137 606 350 367 827 499 380 639 612 142 305 709 163 832 54 792 235 129 932 36 51 418 329 443 540 518 336 567 654 190 394 98 711 846 470 658 551 996 617 949 55 170 774 32 331 903 284 247 700 954 850 403 606 705 379 839 337 813 137 593 875 870 828 585 336 141 703 347 350 14 86 
4 524 498 490 102 467 662 32 660 803 813 77 148 679 366 753 759 748 973 110 826 540 738 551 203 93 443 801 642 384 306 771 364 138 127 701 433 604 732 450 184 747 795 468 824 287 936 115 149 860 821 758 740 226 281 13 104 997 48 260 672 524 425 248 198 649 937 703 384 93 3 282 508 129 708 393 901 997 912 721 865 625 830 328 958 757 20 789 512 464 435 784 252 730 416 685 673 746 688 696 
843 767 320 167 623 184 400 658 309 394 125 187 993 932 280 278 792 43 971 47 955 311 197 285 957 515 290 378 869 517 19 392 850 545 870 35 360 77 670 817 199 612 368 185 998 836 939 574 11 479 877 779 338 57 269 187 982 870 621 447 98 985 987 247 901 364 27 709 394 146 431 860 644 806 929 51 881 562 382 393 605 543 51 872 563 623 5 122 508 643 481 372 816 806 760 157 181 711 200 372 
930 127 706 828 402 214 896 177 481 733 834 352 720 731 765 40 912 560 403 466 408 163 440 761 15 573 849 529 329 858 829 34 786 459 937 665 691 324 84 851 942 141 167 113 723 91 555 585 200 893 343 802 243 846 792 46 992 277 719 445 441 630 545 829 544 678 673 596 181 409 574 417 16 747 364 13 670 688 988 709 84 741 282 924 28 355 170 250 882 847 410 264 765 98 549 183 398 25 349 51 
234 828 942 346 456 911 595 132 305 906 361 898 522 928 628 903 699 674 629 527 661 610 145 553 541 655 305 718 843 675 43 671 130 421 563 472 924 927 833 526 61 912 769 537 316 215 901 482 184 572 795 620 73 62 725 858 698 244 468 579 983 436 716 840 371 117 774 681 318 262 473 995 360 122 501 371 569 994 733 686 564 600 249 632 239 332 366 697 315 825 31 807 691 518 208 918 918 92 943 991 
909 9 321 11 244 809 645 198 457 287 171 212 606 559 146 725 581 788 932 567 232 912 410 32 678 830 471 240 652 73 701 312 273 202 762 326 280 724 321 715 228 361 607 34 69 640 828 489 61 125 630 941 673 30 124 711 495 686 640 888 140 108 642 846 59 273 595 667 420 172 608 442 971 341 83 801 403 212 440 37 14 511 317 33 854 261 887 428 232 797 659 613 174 262 691 151 985 589 501 972 
609 544 619 259 308 293 53 674 440 498 622 377 776 515 496 500 912 4 904 895 585 44 194 215 235 614 971 684 77 686 40 384 942 945 962 406 705 913 318 19 538 738 277 878 828 104 552 510 205 676 954 112 784 242 715 397 721 565 400 189 966 965 420 558 970 566 276 715 697 600 557 485 443 725 806 498 184 414 981 671 247 940 539 975 135 840 879 913 26 530 627 74 52 298 424 360 239 383 162 378 
124 386 867 88 121 34 873 254 934 750 927 871 5 549 892 971 548 221 685 953 925 245 563 803 344 187 789 396 676 925 788 410 667 472 688 196 230 26 637 594 469 352 413 670 440 38 45 950 473 938 783 919 186 231 386 968 152 75 363 716 434 199 281 725 76 761 644 313 113 612 59 254 21 323 344 140 894 495 293 583 430 174 235 489 265 255 534 753 630 31 337 646 583 70 802 58 409 790 166 454 
107 953 291 330 894 239 272 329 705 489 125 437 9 817 681 248 306 406 943 934 1 65 856 187 957 417 775 736 793 726 407 845 394 64 53 813 465 309 92 957 359 444 364 370 411 388 178 828 910 324 583 415 257 353 872 83 3 137 352 217 428 978 327 221 224 209 24 521 412 140 653 559 570 31 796 900 837 343 662 534 596 431 380 923 766 238 288 359 161 445 948 547 586 281 301 525 692 669 685 325 
257 277 843 577 506 242 235 605 630 304 181 180 340 401 830 780 432 928 585 405 559 341 780 368 380 380 354 143 886 811 11 528 823 199 269 961 253 318 993 955 134 530 966 559 342 994 623 969 536 872 659 966 14 842 23 678 456 577 854 505 582 20 939 492 6 482 349 641 589 586 880 247 69 978 58 671 722 985 245 993 589 381 285 154 28 52 886 838 72 187 584 717 245 231 509 167 543 943 216 983 
512 854 734 602 460 474 449 491 521 934 448 22 15 704 353 361 331 553 73 32 483 152 209 625 793 397 417 403 936 262 817 637 712 787 660 570 634 314 474 973 770 490 482 46 238 720 164 954 570 484 784 573 626 280 505 287 604 21 926 102 603 54 742 689 564 529 721 456 758 425 119 580 188 13 89 650 291 781 137 279 850 834 18 363 899 620 127 37 205 160 797 298 423 103 232 972 133 311 550 996 
306 135 245 448 650 181 278 315 508 336 798 887 193 773 504 899 848 83 916 884 116 885 286 845 188 826 174 526 937 613 739 750 822 477 599 992 785 765 320 807 67 537 860 73 385 861 466 805 783 517 520 812 778 52 680 496 691 574 802 903 954 468 143 102 456 114 35 70 610 242 752 791 679 471 378 111 824 137 927 528 626 171 539 85 317 838 996 59 98 635 994 327 847 227 188 332 130 647 594 745 
134 950 838 291 896 322 58 480 904 193 104 646 601 997 148 639 855 202 50 238 347 930 278 302 432 491 952 543 602 75 891 128 52 705 642 387 110 747 714 403 705 174 549 558 770 41 708 154 895 121 849 793 749 547 295 772 53 411 619 433 706 799 728 4 212 642 955 287 18 801 578 849 993 8 773 24 967 826 154 54 165 354 970 612 384 509 333 193 439 923 566 361 346 154 14 902 686 681 834 559 
619 941 996 459 993 637 785 163 166 501 375 971 618 750 485 943 708 472 560 461 772 284 969 206 264 644 8 788 539 295 831 131 984 558 958 383 618 327 393 689 345 157 67 513 588 636 193 90 410 797 255 216 462 998 964 746 205 942 916 679 449 739 65 987 795 676 568 286 235 126 133 440 87 511 878 263 405 428 928 788 856 707 115 305 300 120 254 347 594 583 291 495 90 286 313 238 268 24 812 736 
32658 35987 33320 33041 36961 39389 40419 38489 35353 36620 39913 37288 31977 34612 34738 39646 36011 38826 37529 37608 41962 34331 39105 35142 35093 38320 35550 39366 37377 38208 
556 111 163 457 614 182 896 226 575 580 739 666 841 714 141 765 208 184 332 55 171 378 275 731 15 807 974 938 59 627 629 788 573 38 533 205 523 887 103 985 511 688 731 939 713 43 303 577 768 199 644 631 987 415 860 915 719 663 471 911 373 412 273 643 755 146 90 67 405 591 505 532 539 394 462 641 554 585 956 585 130 660 237 62 699 360 716 113 636 838 34 907 361 629 405 174 187 483 868 934 
413 63 111 312 888 650 111 279 890 995 81 989 623 449 486 398 153 598 253 842 189 540 608 638 60 75 687 476 350 409 463 989 959 968 650 603 879 960 21 729 92 56 63 109 914 888 679 413 568 871 28 57 216 795 356 536 91 21 994 334 300 470 326 837 292 783 641 505 292 123 605 72 21 463 393 428 911 729 612 731 247 960 793 938 192 78 145 655 286 748 479 605 614 551 357 598 605 793 939 742 
907 75 488 485 227 292 519 362 618 499 876 360 6 906 220 897 566 96 10 504 93 274 568 413 863 185 783 325 881 866 138 608 690 431 432 930 851 174 457 650 104 927 944 454 338 381 70 484 172 922 752 869 816 976 177 759 105 849 904 958 631 251 651 113 101 653 645 57 272 945 692 5 814 665 757 193 266 984 363 38 52 565 327 974 581 88 778 804 244 961 253 299 684 676 11 715 381 847 271 7 
547 859 25 285 674 829 878 49 145 915 532 824 153 820 370 13 462 582 25 209 768 292 915 754 48 519 295 751 579 468 576 90 523 313 525 286 564 738 961 167 445 339 634 564 95 694 100 967 679 594 467 935 880 366 71 580 354 173 340 176 446 871 20 694 305 25 487 229 895 138 249 752 216 316 149 449 558 144 960 51 614 750 526 499 957 614 700 760 525 118 15 3 307 338 896 833 618 214 665 663 
599 599 359 58 318 462 464 323 702 675 29 314 451 178 580 508 87 7 984 971 122 108 64 705 387 756 505 91 667 85 218 253 966 979 569 676 923 570 38 903 54 414 875 651 938 914 761 92 205 702 707 387 183 14 306 279 316 537 600 2 430 624 235 929 933 612 285 735 499 544 631 433 413 805 514 723 788 490 870 342 900 797 82 532 229 706 182 927 765 34 625 814 780 203 967 46 519 457 354 432 
125 16 938 816 161 934 350 356 987 920 622 546 795 645 544 128 223 738 588 434 219 354 83 474 344 494 735 983 890 59 35 62 895 231 231 748 458 85 826 550 968 715 469 280 493 179 433 210 209 530 96 212 427 811 117 348 797 693 901 41 191 874 466 461 359 165 458 114 999 89 465 169 515 396 820 882 207 862 658 803 986 384 569 80 57 142 194 663 341 617 203 468 282 691 391 355 911 597 987 942 
794 962 559 323 634 265 707 775 776 248 253 781 833 654 881 335 945 892 683 417 55 945 624 67 667 371 556 676 355 260 272 463 24 361 26 708 862 355 100 314 862 237 777 757 236 190 602 665 11 565 899 109 798 568 897 399 686 325 783 527 629 918 230 711 314 268 97 52 524 494 558 927 776 52 755 266 297 252 276 527 142 748 321 871 720 341 28 559 825 307 711 842 839 878 516 204 873 42 663 780 
447 682 649 672 673 522 987 818 781 695 260 630 331 346 255 727 738 691 49 494 877 448 306 563 992 981 895 205 267 893 271 313 495 375 758 148 749 841 627 8 258 799 127 863 869 558 777 34 795 983 508 683 314 442 31 805 378 692 991 482 56 302 81 938 929 674 764 806 929 919 421 537 463 382 625 845 537 686 522 28 568 350 810 128 792 575 687 742 812 346 702 96 291 482 279 911 412 934 301 791 
399 960 197 422 379 154 160 368 319 905 334 253 725 111 449 689 630 728 187 957 220 308 34 444 378 209 655 14 339 128 285 582 883 63 445 908 975 291 190 522 81 314 344 790 482 798 73 604 112 42 114 692 707 137 683 926 957 474 735 360 230 406 189 980 285 284 617 492 862 236 914 607 873 707 189 359 862 173 647 469 464 240 377 229 39 14 771 443 782 559 47 17 421 280 768 898 63 141 927 495 
63 374 675 523 593 502 105 14 454 787 81 180 434 354 97 988 107 605 519 419 664 305 554 986 925 82 458 76 546 764 38 762 269 357 778 881 169 13 124 746 182 447 750 249 95 381 832 394 10 646 107 235 326 636 558 329 753 616 298 288 490 209 713 884 955 798 54 722 353 612 485 697 291 723 257 632 215 902 122 32 719 938 741 420 615 339 254 245 324 766 555 740 680 526 447 149 684 399 478 543 
736 704 315 357 60 129 178 404 340 425 473 630 2 855 847 10 981 124 634 396 310 600 601 166 230 420 991 792 991 328 510 73 783 700 681 855 311 130 110 69 331 307 797 813 335 335 288 626 693 304 258 924 221 19 357 242 793 152 614 868 665 254 281 781 271 670 63 555 178 723 178 72 892 778 0 470 141 345 560 222 236 637 406 512 714 433 413 490 210 699 953 776 537 713 479 928 692 329 967 412 
494 799 889 153 424 711 774 191 484 718 879 678 986 458 726 624 272 392 691 414 41 227 125 256 673 495 438 101 733 956 265 616 842 551 952 222 770 485 581 143 355 862 27 303 633 903 125 79 96 597 91 832 113 103 671 560 549 893 111 422 995 198 794 922 616 814 555 64 465 713 554 664 676 71 896 793 609 483 543 575 839 667 557 348 370 519 770 72 873 7 231 670 84 145 358 569 331 706 388 10 
158 936 475 254 888 717 937 998 944 231 938 46 24 104 122 782 733 589 976 635 470 418 160 458 885 117 820 82 842 461 492 240 255 815 844 90 868 669 171 719 906 578 105 791 113 30 237 114 514 198 488 294 264 216 704 986 235 767 365 483 504 764 488 479 653 518 761 30 571 907 787 778 611 921 806 599 540 332 956 400 827 518 797 837 7 341 961 945 766 162 165 392 793 569 941 486 526 668 927 584 
669 509 264 802 733 902 900 156 303 684 601 606 701 770 378 385 91 683 95 99 187 163 856 168 478 990 913 553 190 570 147 997 866 497 666 94 249 241 661 913 921 779 716 236 233 336 997 443 131 6 515 173 853 232 411 326 293 244 285 308 180 423 826 559 806 890 712 833 112 149 370 323 396 986 75 268 914 18 303 388 50 16 389 4 262 320 599 149 599 63 65 875 910 513 658 529 553 225 878 438 
627 472 87 885 647 572 533 581 251 970 430 877 494 251 80 748 658 904 726 875 792 153 720 478 960 824 976 573 424 906 989 265 934 421 590 691 803 59 719 579 599 576 989 234 438 160 733 885 401 16 314 809 35 169 307 455 852 558 884 54 903 992 443 541 275 189 398 851 596 198 543 498 617 207 627 214 94 267 550 840 147 674 788 350 991 491 878 818 591 552 45 645 595 141 615 594 388 627 730 534 
557 952 949 495 382 542 557 79 794 170 789 997 522 396 263 973 143 139 484 61 569 237 167 795 395 501 748 430 810 386 143 720 909 155 540 420 678 679 314 536 132 849 327 893 853 607 766 722 238 294 782 989 172 478 840 554 839 554 270 394 846 189 108 488 744 221 467 44 239 111 502 251 775 359 576 412 312 973 234 832 902 406 253 172 10 736 246 553 51 35 812 366 119 147 993 932 195 910 83 541 
821 242 595 888 365 204 138 217 655 321 540 787 141 675 386 283 849 509 744 173 462 969 70 938 374 404 709 757 102 299 312 361 19 227 300 229 289 567 609 984 228 335 36 992 557 564 982 73 418 981 370 560 970 816 236 47 401 224 687 605 139 565 408 837 819 680 667 289 321 60 38 610 474 774 889 434 66 753 751 999 194 496 894 539 740 598 246 35 854 98 260 275 653 640 220 300 602 228 497 611 
840 933 88 171 176 592 12 654 499 776 643 555 328 415 51 113 891 157 95 702 946 337 713 397 443 937 302 977 802 838 684 471 810 67 4 531 744 709 424 254 121 201 32 403 89 432 485 885 476 326 148 257 457 299 255 687 155 289 803 693 406 346 643 793 23 264 615 201 577 768 396 363 538 579 982 280 951 524 178 912 331 638 147 524 19 970 526 373 28 623 428 175 129 295 70 890 595 214 217 473 
818 365 678 200 455 240 594 68 423 562 729 618 451 205 633 319 525 915 523 626 283 786 879 828 280 623 854 461 516 309 597 429 657 967 978 137 863 573 990 518 676 16 410 919 372 852 318 971 687 989 32 885 40 753 313 20 921 790 807 298 929 919 867 990 275 262 233 44 294 790 990 786 443 733 980 441 948 995 123 351 394 535 802 140 182 59 24 761 211 863 231 636 607 188 809 545 221 668 631 444 
495 554 563 946 299 556 83 291 385 822 957 28 849 72 821 542 636 430 815 335 462 428 618 400 838 368 70 664 891 368 312 731 932 992 872 728 896 202 660 69 740 960 780 176 582 376 408 186 965 171 815 180 652 629 427 20 776 635 482 626 876 102 359 61 100 563 430 121 895 925 467 594 800 367 464 66 422 644 607 73 335 4 530 539 820 583 910 426 697 145 988 322 122 949 660 256 320 344 230 585 
301 408 670 916 373 767 975 833 321 955 946 462 778 768 325 162 638 910 555 23 181 742 951 659 577 862 795 647 759 902 103 379 310 342 300 69 669 177 623 61 493 751 726 341 15 850 492 7 170 650 363 780 11 345 174 575 462 893 581 579 634 432 561 83 873 703 712 835 923 351 427 850 386 173 153 370 800 872 805 460 400 547 654 540 48 943 766 319 875 651 501 393 180 507 354 271 630 590 811 874 
348 352 914 287 374 816 687 181 662 533 959 424 66 515 796 182 23 154 849 986 786 14 948 555 157 829 432 986 261 615 182 194 223 770 922 623 390 354 641 491 213 166 859 874 734 250 128 253 713 389 661 191 301 171 792 336 20 192 499 735 390 525 944 818 863 405 658 473 723 421 100 653 491 811 761 842 397 566 40 903 53 147 375 644 804 803 390 715 283 62 285 382 245 187 576 159 361 546 49 576 
440 753 464 548 82 235 599 32 860 121 746 818 749 680 231 947 673 279 981 386 16 716 76 573 150 448 72 329 686 949 253 162 968 923 541 632 56 782 371 412 155 176 174 301 310 753 177 710 273 343 829 692 375 65 123 390 112 333 587 359 170 982 689 125 138 196 115 337 413 685 811 626 879 602 377 695 89 647 567 847 407 159 608 635 45 558 767 536 616 22 788 632 742 25 888 975 931 865 936 306 
623 351 581 287 956 70 582 99 257 217 566 418 402 698 566 341 789 578 578 34 49 303 318 634 637 849 472 271 492 1 477 444 94 963 391 797 924 632 527 250 211 123 774 85 870 825 868 701 383 124 85 371 393 120 379 969 101 309 641 181 13 527 189 665 861 523 995 539 569 16 321 272 46 898 322 426 171 911 736 236 208 260 636 589 666 519 184 739 913 187 848 659 337 671 135 293 760 713 391 690 
55 946 150 125 47 361 1 159 537 528 599 115 212 770 379 41 426 266 953 294 248 170 476 37 10 784 387 956 963 896 573 820 477 117 826 529 224 935 114 852 233 801 204 401 233 551 855 181 713 351 239 44 619 79 99 458 178 295 11 713 262 147 537 914 402 628 479 700 749 580 231 878 540 67 456 375 432 47 560 341 701 407 119 453 530 641 759 973 876 681 552 241 470 528 126 914 625 129 269 989 
6 492 1000 852 570 964 70 616 337 581 499 750 42 392 227 743 612 611 932 491 866 631 771 638 670 940 120 497 588 650 164 641 829 605 389 931 327 564 865 375 892 454 625 622 24 825 365 891 9 898 171 587 415 192 59 323 824 697 670 136 610 904 85 437 351 973 506 585 775 281 987 432 510 75 0 34 731 825 974 225 337 171 868 299 870 620 215 61 828 888 359 429 292 811 272 807 570 394 544 125 
961 337 576 627 85 595 131 750 662 391 118 721 983 718 229 589 833 56 588 750 749 916 973 194 776 876 293 361 595 485 271 855 298 528 536 720 753 704 503 371 624 166 113 609 772 533 818 194 240 646 118 160 241 240 618 597 431 243 117 36 704 48 820 213 735 639 138 583 233 348 432 600 259 357 706 200 162 927 365 573 678 683 632 820 357 103 301 341 410 326 495 179 922 939 540 643 216 759 521 932 
413 47 50 202 811 398 414 469 216 703 967 52 206 187 536 206 435 985 71 802 736 801 360 815 365 344 890 32 747 413 290 47 84 376 906 145 365 112 213 289 205 766 293 379 359 644 280 104 806 579 455 817 989 450 905 597 405 933 508 728 511 760 231 958 809 76 166 415 162 133 695 941 789 498 515 308 635 121 24 312 425 303 39 828 16 968 389 17 278 125 945 249 992 345 780 178 96 167 182 608 
164 949 500 968 967 212 365 554 348 471 886 217 372 976 240 863 927 454 599 54 86 659 227 209 366 292 14 204 84 493 250 322 125 544 745 850 364 995 700 58 112 30 464 983 627 182 934 7 761 978 888 79 752 866 59 793 264 818 573 338 746 823 635 92 762 693 740 753 731 351 508 816 338 412 803 426 662 67 275 617 152 817 668 994 270 250 432 773 996 490 494 202 224 104 371 850 313 161 861 232 
314 583 661 544 898 385 112 108 337 782 52 483 520 806 635 451 284 349 420 549 751 769 25 591 361 894 21 522 202 607 49 155 359 734 748 821 217 837 745 489 935 339 946 595 157 759 481 550 884 676 606 494 960 373 897 959 483 623 636 559 811 557 157 775 569 767 154 170 736 409 78 461 919 16 986 632 515 926 832 66 357 516 228 1 474 86 512 519 586 147 832 157 531 88 812 612 136 923 471 412 
38155 37333 37575 35513 37032 36273 38853 42226 33735 34658 35372 37551 40776 35096 41272 36806 36112 34184 41166 38450 40282 36288 36305 34999 33693 39440 37359 33518 37564 38264 
