100 30 30
-37 -162 -22 -187 447 -30 564 -72 -6 -201 273 -74 332 345 443 313 -106 442 -89 221 -141 415 330 -205 -75 -147 -105 345 -4 -1 424 317 -62 -105 318 -1 310 -70 497 -76 592 408 353 368 403 452 -116 -150 334 258 410 -14 -81 255 252 382 -115 -69 -221 -55 285 255 -31 -2 -129 473 280 548 -158 388 -91 -196 -46 511 284 295 320 -70 553 -66 -56 -153 229 -66 563 487 -128 389 303 622 -207 -185 -133 467 365 360 -21 381 -129 -197 
715 757 210 763 722 814 381 405 268 59 828 902 202 342 309 969 361 362 494 422 321 781 100 413 499 828 7 554 541 293 302 352 956 594 609 174 358 802 643 929 149 519 107 783 434 847 902 750 751 523 655 456 475 418 698 320 108 147 451 169 934 844 466 547 157 390 635 549 164 820 126 689 187 383 251 242 698 492 731 198 497 504 351 475 211 824 545 243 798 619 749 71 675 36 501 829 453 81 319 674 
292 237 87 429 79 710 956 480 995 437 308 376 965 288 589 903 489 530 451 838 649 269 187 412 724 37 321 21 444 4 38 611 814 973 118 181 359 953 565 906 315 163 944 867 597 564 187 372 493 77 717 585 349 521 933 392 34 334 332 538 875 895 119 561 490 730 771 105 333 274 607 438 572 397 911 153 136 651 143 490 560 99 450 556 891 197 501 883 476 431 438 158 560 657 468 772 537 535 629 721 
448 929 650 205 365 188 515 304 702 38 569 840 785 476 176 718 337 60 121 500 914 921 577 479 317 130 403 700 858 889 5 908 385 645 445 543 982 135 786 218 648 380 459 752 416 407 528 329 825 267 66 69 596 643 411 999 873 787 588 778 581 155 11 604 198 782 393 300 703 318 789 453 468 501 451 992 925 340 329 540 562 148 559 693 994 222 404 268 956 35 873 644 754 938 486 640 17 637 238 764 
193 442 851 91 196 626 65 378 168 44 668 862 60 199 401 379 37 833 982 967 134 683 448 451 345 632 535 671 272 905 139 735 106 922 798 642 935 147 935 860 529 70 433 865 440 83 344 416 340 973 367 369 584 706 921 22 83 949 758 251 469 219 601 453 788 495 948 675 861 390 107 672 545 523 472 11 588 864 947 301 207 617 743 104 248 16 246 231 847 615 554 450 184 74 312 670 502 448 421 350 
990 86 973 20 671 522 896 590 2 775 187 504 630 61 864 397 912 158 21 389 205 913 284 541 63 671 304 346 736 86 298 955 642 592 343 89 123 739 618 248 249 215 456 242 57 154 440 600 431 611 263 248 949 137 572 317 828 145 256 649 899 32 923 138 442 742 135 504 269 863 510 226 201 753 954 404 161 528 216 121 733 256 563 607 791 903 74 464 501 728 961 26 621 159 440 371 621 1000 918 399 
165 902 475 660 803 356 600 692 996 61 663 496 587 141 162 940 667 843 709 263 948 125 626 599 688 890 952 718 179 229 139 655 324 647 914 974 69 929 123 947 612 723 822 621 759 712 484 230 666 142 358 586 105 439 341 998 643 969 596 907 492 997 359 824 249 906 491 720 89 775 667 289 744 266 157 216 931 891 529 900 635 1000 468 433 210 175 536 297 414 157 4 186 240 505 554 970 292 808 133 578 
22 598 255 814 49 457 468 128 782 926 712 655 38 472 681 92 576 236 59 846 154 229 72 466 640 121 812 132 101 264 265 284 100 807 560 57 405 849 282 567 368 304 26 104 99 558 202 51 356 767 640 670 701 282 727 717 283 379 100 328 940 434 343 470 627 442 366 836 150 81 856 28 514 377 182 133 731 347 970 550 5 471 117 306 353 195 857 802 529 753 803 781 834 567 15 824 212 941 336 638 
2 273 246 206 882 434 702 375 228 246 415 260 51 292 514 264 93 633 616 408 578 347 113 227 190 927 32 930 534 451 783 463 211 634 235 551 746 163 287 366 648 144 770 143 94 807 665 497 593 811 722 584 470 432 709 73 175 329 339 427 880 513 131 518 641 851 408 941 377 954 220 923 734 248 995 822 807 760 352 469 213 962 88 971 549 217 544 777 343 373 143 853 308 73 219 757 914 237 309 313 
655 298 499 836 918 551 545 208 164 829 936 620 306 868 657 567 464 541 58 697 470 676 685 567 482 11 1000 338 808 47 281 964 68 920 165 338 785 828 677 343 751 561 728 598 374 100 639 733 702 948 730 475 786 941 933 288 600 606 306 167 321 162 861 548 337 646 442 940 445 175 607 393 919 969 81 795 611 544 736 654 591 615 993 189 445 121 887 98 240 538 848 122 375 173 921 546 92 4 434 596 
628 169 583 352 396 935 67 811 432 800 148 640 227 885 623 433 822 951 810 899 744 424 220 524 113 296 60 102 967 689 356 1 821 473 348 802 447 43 333 990 710 861 876 596 83 39 43 5 213 255 927 724 530 47 195 974 832 460 607 880 201 29 840 291 896 768 447 456 406 276 945 651 699 662 880 18 397 756 558 914 370 338 798 197 622 592 360 278 586 912 690 976 106 289 96 113 717 285 615 851 
683 18 845 92 417 763 920 530 251 348 352 680 733 592 406 535 578 410 713 453 817 685 933 774 531 900 50 861 837 41 157 417 525 822 321 47 798 669 483 348 332 600 489 31 967 424 536 848 800 254 671 491 188 130 687 18 930 695 671 598 495 603 337 875 484 944 78 534 236 276 90 511 864 928 680 903 887 258 4 537 758 579 458 664 283 848 105 116 65 673 110 899 850 788 451 609 417 734 236 775 
274 190 221 189 376 914 518 512 765 607 585 898 462 473 249 380 446 990 66 995 767 771 169 85 824 730 58 291 786 19 723 204 217 342 924 141 234 545 938 746 865 998 88 51 527 425 565 863 638 493 252 481 940 788 990 149 953 120 215 25 825 252 882 995 751 442 974 255 880 507 62 5 835 743 585 244 874 395 574 240 809 612 533 989 561 996 597 593 763 660 241 434 909 59 474 69 326 986 643 474 
825 120 887 128 548 708 875 316 261 669 555 689 601 83 349 294 908 300 431 666 240 606 186 808 414 1000 603 19 773 22 237 872 653 104 992 237 562 2 559 933 986 546 741 289 341 499 102 766 103 771 812 288 287 231 896 490 324 266 252 483 916 151 322 879 252 884 903 355 895 595 197 654 952 415 636 167 45 699 990 363 337 882 404 659 264 894 483 952 927 985 54 6 731 453 427 752 351 284 493 321 
250 934 149 862 599 374 463 357 954 76 709 406 106 40 286 187 451 667 253 257 352 454 289 412 187 863 647 876 981 527 282 113 20 556 270 303 439 383 559 169 458 805 685 576 978 822 187 256 120 247 844 599 262 368 349 733 403 565 40 225 245 773 669 521 51 244 145 311 360 873 372 357 943 79 372 911 362 203 411 458 696 42 856 456 697 824 737 745 722 296 460 368 90 815 167 475 881 335 925 352 
483 908 998 951 712 945 258 276 200 328 213 129 593 83 155 974 697 853 374 895 178 575 723 233 761 380 704 181 269 716 956 712 71 489 412 656 525 163 793 895 814 740 427 349 613 346 635 119 679 424 827 913 491 243 446 108 811 365 320 592 359 60 148 272 924 247 471 153 62 582 223 352 523 919 530 406 547 664 921 220 361 368 241 502 835 387 973 873 401 833 934 564 55 822 605 577 682 751 678 168 
228 833 757 591 791 514 421 27 876 652 900 197 769 221 944 574 76 880 448 1000 994 480 883 770 413 242 1 921 753 968 650 798 614 565 402 380 315 804 570 758 998 175 493 98 766 152 376 248 532 449 206 89 590 707 78 552 714 345 502 801 458 571 419 723 499 977 664 847 701 6 402 277 307 184 580 28 288 32 856 158 445 766 384 564 333 546 384 231 389 474 236 769 347 327 593 759 853 822 540 16 
327 271 380 546 346 879 609 217 575 830 585 142 279 360 382 977 367 196 473 870 397 222 901 201 582 476 963 770 868 867 65 430 640 847 458 731 115 781 755 26 940 521 179 553 416 542 864 935 445 329 969 743 549 268 919 137 162 891 666 292 654 200 997 299 160 991 393 978 838 193 923 102 765 178 829 648 233 641 453 712 390 178 71 633 642 541 211 673 856 380 22 141 781 390 129 190 16 287 364 173 
123 668 585 759 44 40 912 961 723 536 806 403 561 214 396 764 701 752 264 265 806 149 694 804 272 861 517 190 102 22 657 413 339 614 172 364 768 51 916 5 405 124 378 159 161 78 439 104 135 701 991 496 462 345 227 283 303 52 176 589 924 420 977 2 5 685 149 413 306 788 208 268 951 388 818 334 995 505 810 828 575 669 872 8 39 973 813 785 42 187 923 729 521 570 604 524 633 323 708 993 
328 227 37 678 721 792 806 262 872 239 299 626 645 791 115 336 665 747 291 493 345 507 70 779 773 495 1 3 351 288 608 322 580 46 299 675 300 657 822 248 977 585 506 392 817 916 191 71 468 547 78 105 989 339 960 804 632 156 513 439 583 355 802 902 109 328 1 907 191 15 537 349 29 854 985 232 92 979 605 703 416 652 542 755 973 259 666 458 891 376 596 808 370 84 42 903 35 782 568 534 
353 752 656 51 356 223 862 992 853 701 588 310 318 510 627 556 984 396 756 758 108 451 585 598 207 356 807 315 86 594 768 156 205 775 914 131 54 803 682 265 11 585 638 797 517 970 460 133 865 430 829 776 453 310 465 969 582 299 378 492 526 580 17 349 80 1 9 261 596 571 636 84 328 920 512 197 197 815 514 12 981 824 751 248 165 49 100 593 903 591 227 376 692 187 146 201 539 672 202 169 
988 742 261 223 324 545 469 364 614 230 908 306 85 826 879 198 788 163 2 349 730 3 162 272 991 103 796 471 831 44 720 15 544 397 741 435 437 84 795 51 328 566 644 495 386 701 840 314 939 84 258 631 152 244 950 76 671 113 558 433 355 924 817 943 951 551 907 216 565 178 275 834 508 344 367 107 547 800 984 340 72 412 909 269 871 652 856 44 516 937 138 101 39 440 479 65 665 852 937 270 
290 786 421 649 857 483 304 110 920 724 232 380 949 149 338 73 353 579 175 792 150 229 118 933 427 433 255 780 751 653 957 509 654 653 313 488 151 607 397 984 313 624 695 433 633 692 578 593 445 624 236 760 37 512 426 127 287 599 124 82 575 937 135 125 384 538 222 775 238 437 399 649 223 204 287 21 796 379 541 359 755 243 327 284 178 543 712 92 380 880 396 626 811 393 360 214 129 290 988 990 
806 165 246 769 64 953 414 95 647 714 251 873 44 373 768 988 412 180 430 749 80 310 344 587 970 340 328 687 295 236 413 437 847 381 985 215 246 375 980 894 232 368 147 848 758 269 374 928 883 447 452 224 757 169 503 807 868 499 455 826 908 24 95 852 426 80 777 141 864 525 691 556 673 877 782 740 571 740 994 680 575 839 764 86 466 520 210 948 929 293 196 494 751 87 595 490 910 419 430 602 
398 779 441 39 161 18 588 981 610 73 204 715 777 716 996 719 952 748 225 36 114 778 192 226 528 408 504 737 275 496 168 933 625 762 926 432 424 662 644 979 387 181 843 867 616 839 428 875 413 252 412 453 222 715 731 768 863 756 216 872 801 39 558 680 167 649 876 648 798 385 911 118 175 687 784 790 755 439 454 122 739 984 826 640 820 728 676 374 141 147 544 462 305 943 816 593 410 400 209 725 
924 933 229 758 932 303 395 502 468 613 576 700 273 449 556 469 390 375 76 278 128 451 107 204 977 576 272 706 657 296 645 760 280 911 549 467 4 990 771 145 331 160 715 361 279 630 185 100 644 387 91 918 50 790 319 387 547 867 668 953 900 97 402 513 884 169 8 325 494 563 810 920 222 744 670 65 245 368 563 285 436 657 760 479 354 836 21 193 814 751 93 551 356 650 726 800 359 650 550 852 
194 551 901 156 399 734 123 979 579 518 568 208 624 483 773 353 176 276 621 95 418 29 818 692 159 355 594 565 865 3 839 79 816 801 167 539 348 898 631 553 914 720 272 805 439 97 695 676 805 118 22 694 304 436 461 8 135 93 245 576 171 508 346 248 529 482 526 582 703 939 637 138 801 399 853 676 649 130 441 792 287 155 625 948 486 109 516 643 99 63 185 729 811 915 728 573 188 9 627 925 
399 425 691 133 248 531 141 781 630 846 873 789 824 962 326 178 54 583 127 949 251 18 411 744 699 306 984 480 872 350 917 800 677 629 298 379 951 875 304 368 526 982 432 963 71 132 820 760 167 866 319 22 783 493 958 236 282 769 531 439 815 258 270 31 847 990 2 693 830 975 472 349 90 674 205 122 372 576 532 734 289 63 764 630 807 40 352 879 80 719 897 292 473 37 428 802 63 349 298 865 
190 928 571 459 376 920 930 514 296 759 150 427 492 982 246 357 660 532 850 472 454 812 490 693 756 774 23 657 12 945 27 432 861 845 490 28 282 194 453 131 329 624 858 833 385 597 660 691 61 89 276 638 298 801 133 739 498 573 560 732 990 186 213 139 61 158 148 278 776 136 38 940 649 971 103 999 646 751 856 631 258 685 645 131 886 910 227 270 986 626 199 522 597 953 687 472 693 316 730 491 
592 481 527 351 887 81 366 333 797 521 487 387 115 11 542 61 257 225 356 566 196 375 436 581 738 686 234 128 422 551 684 305 843 206 942 587 899 322 622 370 429 85 396 909 256 608 279 365 291 541 447 419 792 809 727 892 923 831 214 547 294 414 186 721 946 149 187 239 925 76 808 704 670 323 765 359 226 503 895 108 940 47 613 829 430 474 559 494 202 471 171 609 815 473 443 332 620 857 744 949 
966 514 196 821 257 746 195 639 488 37 767 408 229 105 310 540 151 162 916 253 462 315 992 242 480 81 160 624 193 736 811 563 172 353 18 35 229 338 165 863 730 876 695 282 716 707 105 504 217 752 48 695 663 13 982 510 401 909 304 606 529 898 164 674 153 331 1 16 929 180 500 885 864 396 278 106 107 548 519 417 350 140 465 637 534 917 788 292 218 878 109 718 565 624 693 546 204 272 442 29 
24481 24255 25826 24004 23210 27328 21706 23524 26825 25551 26319 26549 25719 23092 25936 25803 25141 24033 24446 23621 24153 23321 26653 27508 24806 24083 25659 25899 24700 22582 
556 111 163 457 614 182 896 226 575 580 739 666 841 714 141 765 208 184 332 55 171 378 275 731 15 807 974 938 59 627 629 788 573 38 533 205 523 887 103 985 511 688 731 939 713 43 303 577 768 199 644 631 987 415 860 915 719 663 471 911 373 412 273 643 755 146 90 67 405 591 505 532 539 394 462 641 554 585 956 585 130 660 237 62 699 360 716 113 636 838 34 907 361 629 405 174 187 483 868 934 
413 63 111 312 888 650 111 279 890 995 81 989 623 449 486 398 153 598 253 842 189 540 608 638 60 75 687 476 350 409 463 989 959 968 650 603 879 960 21 729 92 56 63 109 914 888 679 413 568 871 28 57 216 795 356 536 91 21 994 334 300 470 326 837 292 783 641 505 292 123 605 72 21 463 393 428 911 729 612 731 247 960 793 938 192 78 145 655 286 748 479 605 614 551 357 598 605 793 939 742 
907 75 488 485 227 292 519 362 618 499 876 360 6 906 220 897 566 96 10 504 93 274 568 413 863 185 783 325 881 866 138 608 690 431 432 930 851 174 457 650 104 927 944 454 338 381 70 484 172 922 752 869 816 976 177 759 105 849 904 958 631 251 651 113 101 653 645 57 272 945 692 5 814 665 757 193 266 984 363 38 52 565 327 974 581 88 778 804 244 961 253 299 684 676 11 715 381 847 271 7 
547 859 25 285 674 829 878 49 145 915 532 824 153 820 370 13 462 582 25 209 768 292 915 754 48 519 295 751 579 468 576 90 523 313 525 286 564 738 961 167 445 339 634 564 95 694 100 967 679 594 467 935 880 366 71 580 354 173 340 176 446 871 20 694 305 25 487 229 895 138 249 752 216 316 149 449 558 144 960 51 614 750 526 499 957 614 700 760 525 118 15 3 307 338 896 833 618 214 665 663 
599 599 359 58 318 462 464 323 702 675 29 314 451 178 580 508 87 7 984 971 122 108 64 705 387 756 505 91 667 85 218 253 966 979 569 676 923 570 38 903 54 414 875 651 938 914 761 92 205 702 707 387 183 14 306 279 316 537 600 2 430 624 235 929 933 612 285 735 499 544 631 433 413 805 514 723 788 490 870 342 900 797 82 532 229 706 182 927 765 34 625 814 780 203 967 46 519 457 354 432 
125 16 938 816 161 934 350 356 987 920 622 546 795 645 544 128 223 738 588 434 219 354 83 474 344 494 735 983 890 59 35 62 895 231 231 748 458 85 826 550 968 715 469 280 493 179 433 210 209 530 96 212 427 811 117 348 797 693 901 41 191 874 466 461 359 165 458 114 999 89 465 169 515 396 820 882 207 862 658 803 986 384 569 80 57 142 194 663 341 617 203 468 282 691 391 355 911 597 987 942 
794 962 559 323 634 265 707 775 776 248 253 781 833 654 881 335 945 892 683 417 55 945 624 67 667 371 556 676 355 260 272 463 24 361 26 708 862 355 100 314 862 237 777 757 236 190 602 665 11 565 899 109 798 568 897 399 686 325 783 527 629 918 230 711 314 268 97 52 524 494 558 927 776 52 755 266 297 252 276 527 142 748 321 871 720 341 28 559 825 307 711 842 839 878 516 204 873 42 663 780 
447 682 649 672 673 522 987 818 781 695 260 630 331 346 255 727 738 691 49 494 877 448 306 563 992 981 895 205 267 893 271 313 495 375 758 148 749 841 627 8 258 799 127 863 869 558 777 34 795 983 508 683 314 442 31 805 378 692 991 482 56 302 81 938 929 674 764 806 929 919 421 537 463 382 625 845 537 686 522 28 568 350 810 128 792 575 687 742 812 346 702 96 291 482 279 911 412 934 301 791 
399 960 197 422 379 154 160 368 319 905 334 253 725 111 449 689 630 728 187 957 220 308 34 444 378 209 655 14 339 128 285 582 883 63 445 908 975 291 190 522 81 314 344 790 482 798 73 604 112 42 114 692 707 137 683 926 957 474 735 360 230 406 189 980 285 284 617 492 862 236 914 607 873 707 189 359 862 173 647 469 464 240 377 229 39 14 771 443 782 559 47 17 421 280 768 898 63 141 927 495 
63 374 675 523 593 502 105 14 454 787 81 180 434 354 97 988 107 605 519 419 664 305 554 986 925 82 458 76 546 764 38 762 269 357 778 881 169 13 124 746 182 447 750 249 95 381 832 394 10 646 107 235 326 636 558 329 753 616 298 288 490 209 713 884 955 798 54 722 353 612 485 697 291 723 257 632 215 902 122 32 719 938 741 420 615 339 254 245 324 766 555 740 680 526 447 149 684 399 478 543 
736 704 315 357 60 129 178 404 340 425 473 630 2 855 847 10 981 124 634 396 310 600 601 166 230 420 991 792 991 328 510 73 783 700 681 855 311 130 110 69 331 307 797 813 335 335 288 626 693 304 258 924 221 19 357 242 793 152 614 868 665 254 281 781 271 670 63 555 178 723 178 72 892 778 0 470 141 345 560 222 236 637 406 512 714 433 413 490 210 699 953 776 537 713 479 928 692 329 967 412 
494 799 889 153 424 711 774 191 484 718 879 678 986 458 726 624 272 392 691 414 41 227 125 256 673 495 438 101 733 956 265 616 842 551 952 222 770 485 581 143 355 862 27 303 633 903 125 79 96 597 91 832 113 103 671 560 549 893 111 422 995 198 794 922 616 814 555 64 465 713 554 664 676 71 896 793 609 483 543 575 839 667 557 348 370 519 770 72 873 7 231 670 84 145 358 569 331 706 388 10 
158 936 475 254 888 717 937 998 944 231 938 46 24 104 122 782 733 589 976 635 470 418 160 458 885 117 820 82 842 461 492 240 255 815 844 90 868 669 171 719 906 578 105 791 113 30 237 114 514 198 488 294 264 216 704 986 235 767 365 483 504 764 488 479 653 518 761 30 571 907 787 778 611 921 806 599 540 332 956 400 827 518 797 837 7 341 961 945 766 162 165 392 793 569 941 486 526 668 927 584 
669 509 264 802 733 902 900 156 303 684 601 606 701 770 378 385 91 683 95 99 187 163 856 168 478 990 913 553 190 570 147 997 866 497 666 94 249 241 661 913 921 779 716 236 233 336 997 443 131 6 515 173 853 232 411 326 293 244 285 308 180 423 826 559 806 890 712 833 112 149 370 323 396 986 75 268 914 18 303 388 50 16 389 4 262 320 599 149 599 63 65 875 910 513 658 529 553 225 878 438 
627 472 87 885 647 572 533 581 251 970 430 877 494 251 80 748 658 904 726 875 792 153 720 478 960 824 976 573 424 906 989 265 934 421 590 691 803 59 719 579 599 576 989 234 438 160 733 885 401 16 314 809 35 169 307 455 852 558 884 54 903 992 443 541 275 189 398 851 596 198 543 498 617 207 627 214 94 267 550 840 147 674 788 350 991 491 878 818 591 552 45 645 595 141 615 594 388 627 730 534 
557 952 949 495 382 542 557 79 794 170 789 997 522 396 263 973 143 139 484 61 569 237 167 795 395 501 748 430 810 386 143 720 909 155 540 420 678 679 314 536 132 849 327 893 853 607 766 722 238 294 782 989 172 478 840 554 839 554 270 394 846 189 108 488 744 221 467 44 239 111 502 251 775 359 576 412 312 973 234 832 902 406 253 172 10 736 246 553 51 35 812 366 119 147 993 932 195 910 83 541 
821 242 595 888 365 204 138 217 655 321 540 787 141 675 386 283 849 509 744 173 462 969 70 938 374 404 709 757 102 299 312 361 19 227 300 229 289 567 609 984 228 335 36 992 557 564 982 73 418 981 370 560 970 816 236 47 401 224 687 605 139 565 408 837 819 680 667 289 321 60 38 610 474 774 889 434 66 753 751 999 194 496 894 539 740 598 246 35 854 98 260 275 653 640 220 300 602 228 497 611 
840 933 88 171 176 592 12 654 499 776 643 555 328 415 51 113 891 157 95 702 946 337 713 397 443 937 302 977 802 838 684 471 810 67 4 531 744 709 424 254 121 201 32 403 89 432 485 885 476 326 148 257 457 299 255 687 155 289 803 693 406 346 643 793 23 264 615 201 577 768 396 363 538 579 982 280 951 524 178 912 331 638 147 524 19 970 526 373 28 623 428 175 129 295 70 890 595 214 217 473 
818 365 678 200 455 240 594 68 423 562 729 618 451 205 633 319 525 915 523 626 283 786 879 828 280 623 854 461 516 309 597 429 657 967 978 137 863 573 990 518 676 16 410 919 372 852 318 971 687 989 32 885 40 753 313 20 921 790 807 298 929 919 867 990 275 262 233 44 294 790 990 786 443 733 980 441 948 995 123 351 394 535 802 140 182 59 24 761 211 863 231 636 607 188 809 545 221 668 631 444 
495 554 563 946 299 556 83 291 385 822 957 28 849 72 821 542 636 430 815 335 462 428 618 400 838 368 70 664 891 368 312 731 932 992 872 728 896 202 660 69 740 960 780 176 582 376 408 186 965 171 815 180 652 629 427 20 776 635 482 626 876 102 359 61 100 563 430 121 895 925 467 594 800 367 464 66 422 644 607 73 335 4 530 539 820 583 910 426 697 145 988 322 122 949 660 256 320 344 230 585 
301 408 670 916 373 767 975 833 321 955 946 462 778 768 325 162 638 910 555 23 181 742 951 659 577 862 795 647 759 902 103 379 310 342 300 69 669 177 623 61 493 751 726 341 15 850 492 7 170 650 363 780 11 345 174 575 462 893 581 579 634 432 561 83 873 703 712 835 923 351 427 850 386 173 153 370 800 872 805 460 400 547 654 540 48 943 766 319 875 651 501 393 180 507 354 271 630 590 811 874 
348 352 914 287 374 816 687 181 662 533 959 424 66 515 796 182 23 154 849 986 786 14 948 555 157 829 432 986 261 615 182 194 223 770 922 623 390 354 641 491 213 166 859 874 734 250 128 253 713 389 661 191 301 171 792 336 20 192 499 735 390 525 944 818 863 405 658 473 723 421 100 653 491 811 761 842 397 566 40 903 53 147 375 644 804 803 390 715 283 62 285 382 245 187 576 159 361 546 49 576 
440 753 464 548 82 235 599 32 860 121 746 818 749 680 231 947 673 279 981 386 16 716 76 573 150 448 72 329 686 949 253 162 968 923 541 632 56 782 371 412 155 176 174 301 310 753 177 710 273 343 829 692 375 65 123 390 112 333 587 359 170 982 689 125 138 196 115 337 413 685 811 626 879 602 377 695 89 647 567 847 407 159 608 635 45 558 767 536 616 22 788 632 742 25 888 975 931 865 936 306 
623 351 581 287 956 70 582 99 257 217 566 418 402 698 566 341 789 578 578 34 49 303 318 634 637 849 472 271 492 1 477 444 94 963 391 797 924 632 527 250 211 123 774 85 870 825 868 701 383 124 85 371 393 120 379 969 101 309 641 181 13 527 189 665 861 523 995 539 569 16 321 272 46 898 322 426 171 911 736 236 208 260 636 589 666 519 184 739 913 187 848 659 337 671 135 293 760 713 391 690 
55 946 150 125 47 361 1 159 537 528 599 115 212 770 379 41 426 266 953 294 248 170 476 37 10 784 387 956 963 896 573 820 477 117 826 529 224 935 114 852 233 801 204 401 233 551 855 181 713 351 239 44 619 79 99 458 178 295 11 713 262 147 537 914 402 628 479 700 749 580 231 878 540 67 456 375 432 47 560 341 701 407 119 453 530 641 759 973 876 681 552 241 470 528 126 914 625 129 269 989 
6 492 1000 852 570 964 70 616 337 581 499 750 42 392 227 743 612 611 932 491 866 631 771 638 670 940 120 497 588 650 164 641 829 605 389 931 327 564 865 375 892 454 625 622 24 825 365 891 9 898 171 587 415 192 59 323 824 697 670 136 610 904 85 437 351 973 506 585 775 281 987 432 510 75 0 34 731 825 974 225 337 171 868 299 870 620 215 61 828 888 359 429 292 811 272 807 570 394 544 125 
961 337 576 627 85 595 131 750 662 391 118 721 983 718 229 589 833 56 588 750 749 916 973 194 776 876 293 361 595 485 271 855 298 528 536 720 753 704 503 371 624 166 113 609 772 533 818 194 240 646 118 160 241 240 618 597 431 243 117 36 704 48 820 213 735 639 138 583 233 348 432 600 259 357 706 200 162 927 365 573 678 683 632 820 357 103 301 341 410 326 495 179 922 939 540 643 216 759 521 932 
413 47 50 202 811 398 414 469 216 703 967 52 206 187 536 206 435 985 71 802 736 801 360 815 365 344 890 32 747 413 290 47 84 376 906 145 365 112 213 289 205 766 293 379 359 644 280 104 806 579 455 817 989 450 905 597 405 933 508 728 511 760 231 958 809 76 166 415 162 133 695 941 789 498 515 308 635 121 24 312 425 303 39 828 16 968 389 17 278 125 945 249 992 345 780 178 96 167 182 608 
164 949 500 968 967 212 365 554 348 471 886 217 372 976 240 863 927 454 599 54 86 659 227 209 366 292 14 204 84 493 250 322 125 544 745 850 364 995 700 58 112 30 464 983 627 182 934 7 761 978 888 79 752 866 59 793 264 818 573 338 746 823 635 92 762 693 740 753 731 351 508 816 338 412 803 426 662 67 275 617 152 817 668 994 270 250 432 773 996 490 494 202 224 104 371 850 313 161 861 232 
314 583 661 544 898 385 112 108 337 782 52 483 520 806 635 451 284 349 420 549 751 769 25 591 361 894 21 522 202 607 49 155 359 734 748 821 217 837 745 489 935 339 946 595 157 759 481 550 884 676 606 494 960 373 897 959 483 623 636 559 811 557 157 775 569 767 154 170 736 409 78 461 919 16 986 632 515 926 832 66 357 516 228 1 474 86 512 519 586 147 832 157 531 88 812 612 136 923 471 412 
25437 24889 25050 23675 24688 24182 25902 28151 22490 23106 23582 25034 27184 23397 27515 24537 24075 22789 27444 25634 26855 24192 24204 23333 22462 26294 24906 22346 25043 25509 
