100 30 30
234 -98 -4 -79 460 -15 471 -180 -133 -146 265 -121 485 479 411 301 -130 511 269 -80 -34 467 430 -182 -91 -83 -38 350 -3 -115 489 318 -142 -198 266 317 337 -147 426 -130 578 389 257 320 437 390 -86 -8 370 235 421 -96 -52 315 -5 384 -131 -25 -121 -72 -111 405 -90 -47 -123 381 399 537 -180 358 -102 -145 -76 329 251 350 305 -15 465 -1 -67 -83 -91 -86 426 519 -67 442 249 546 -109 -8 -112 495 385 356 232 334 -111 -184 
414 300 822 799 514 327 733 801 738 502 191 635 139 991 57 58 473 785 929 166 110 635 31 323 722 866 258 650 95 788 708 425 394 847 741 375 160 640 224 669 454 237 736 757 14 546 952 28 939 868 533 96 923 358 84 400 928 719 779 701 229 280 504 835 288 878 187 160 68 700 877 217 155 710 918 343 469 389 559 989 860 389 412 14 419 144 263 408 146 577 420 107 459 24 8 552 905 601 720 73 
790 874 436 445 201 864 40 343 593 529 726 875 884 839 29 713 261 217 23 261 658 353 78 772 833 805 164 806 662 623 172 12 638 779 836 480 720 579 591 919 928 525 28 752 427 175 193 425 338 120 621 997 975 126 760 648 160 959 411 190 46 720 95 847 76 350 350 44 680 368 635 973 708 953 770 506 50 991 896 894 456 646 273 554 521 609 891 591 863 68 222 657 385 69 384 427 489 308 441 679 
658 447 883 619 852 711 56 386 543 815 705 839 881 441 226 386 488 985 471 968 358 807 796 285 775 781 583 577 20 388 607 594 461 663 465 479 272 708 718 1000 612 342 373 422 332 868 994 614 372 303 219 357 517 93 135 443 921 369 350 95 965 647 142 286 577 568 850 850 32 410 387 316 960 132 996 850 681 908 814 183 46 546 129 845 597 936 197 395 597 744 755 990 76 924 766 913 958 811 161 540 
117 296 888 126 899 986 85 235 560 492 497 627 917 866 679 192 612 824 974 533 885 522 983 550 793 307 537 156 468 511 628 102 38 935 612 350 46 567 498 432 754 401 273 379 696 816 925 437 268 332 724 769 168 952 329 735 245 509 469 127 972 188 668 526 922 374 680 500 87 940 272 811 502 205 479 159 706 883 804 62 652 284 197 446 206 450 274 249 551 417 842 994 941 531 273 781 892 750 476 912 
552 872 26 178 732 488 106 351 568 188 900 289 380 593 409 966 296 367 642 772 983 80 738 53 151 860 850 578 985 446 648 585 504 300 790 87 596 617 484 163 211 786 445 88 452 419 874 88 268 919 137 728 501 721 659 424 218 966 688 375 698 934 339 41 615 23 477 296 630 48 667 627 172 902 782 97 93 704 366 931 100 563 878 981 57 957 214 587 62 737 187 67 216 399 726 999 326 313 111 310 
130 950 207 671 754 391 368 469 214 483 694 209 767 82 98 675 988 347 202 382 443 766 394 294 946 417 177 930 219 307 899 609 313 114 457 815 405 581 611 868 183 33 393 761 621 732 141 625 620 307 456 241 890 580 6 903 216 507 163 972 880 844 394 650 82 45 961 402 805 665 958 94 288 188 496 482 550 938 534 161 971 38 304 723 306 572 63 24 274 45 349 851 500 397 260 95 797 334 831 674 
779 771 578 764 41 564 603 397 283 756 382 50 744 988 338 214 899 837 788 688 128 656 663 888 575 373 344 121 506 358 674 926 685 657 215 932 875 560 738 891 851 409 973 339 564 155 413 688 949 103 982 206 171 515 64 764 209 349 71 344 713 508 828 813 189 558 29 862 444 896 260 170 357 289 938 517 813 630 650 251 41 267 629 100 18 350 9 981 507 532 817 892 611 728 658 657 330 335 523 564 
326 773 722 339 747 493 558 49 493 978 896 597 597 929 825 864 973 906 218 940 715 603 533 564 78 283 31 528 917 487 618 557 552 246 243 558 269 212 761 141 131 321 33 784 347 552 777 203 564 479 370 97 851 569 588 210 452 148 73 163 828 979 113 497 842 620 673 115 473 111 818 210 871 99 202 690 858 304 342 869 471 916 250 804 770 678 694 349 757 924 945 891 320 413 689 624 373 750 586 122 
753 717 418 649 849 999 46 92 2 218 791 983 830 81 298 237 400 579 978 13 239 690 766 398 650 557 906 81 7 276 126 587 108 263 129 360 657 29 699 822 724 797 973 479 234 623 290 164 742 551 217 905 531 847 457 197 681 345 436 758 66 391 167 574 770 380 399 688 40 214 562 840 38 945 920 734 730 509 961 249 866 811 763 547 26 578 666 928 349 884 366 285 789 535 75 43 115 868 787 721 
197 897 67 931 34 431 8 100 286 724 312 444 918 742 152 825 35 83 305 55 895 675 897 504 640 3 250 242 823 928 270 987 320 903 374 541 639 495 260 905 94 803 374 364 577 129 31 213 790 883 549 170 397 393 645 461 772 571 822 850 111 927 167 62 753 679 906 638 549 8 581 220 499 66 676 451 131 923 697 85 747 282 839 225 241 643 801 486 255 336 717 837 569 170 983 425 528 154 119 624 
836 546 523 327 67 850 242 736 172 780 790 562 819 367 878 228 114 435 974 345 923 177 824 298 559 360 798 838 902 39 199 418 877 782 749 481 592 579 360 842 901 685 133 740 836 242 100 314 80 409 188 551 455 991 830 688 280 834 876 500 49 366 592 604 582 627 804 682 249 156 581 291 517 861 895 459 320 332 199 749 203 676 274 56 59 761 152 521 541 167 824 586 603 184 11 358 473 90 648 905 
438 341 722 425 596 165 891 536 782 76 671 852 692 212 249 324 863 951 470 739 148 263 899 554 419 861 431 911 141 418 352 568 16 606 327 949 250 388 819 225 118 2 206 70 753 930 9 27 916 882 496 39 287 499 5 762 506 11 326 161 482 419 101 365 293 49 739 392 967 955 21 295 985 119 58 213 972 909 329 349 256 585 669 317 677 650 157 852 326 341 429 826 465 678 495 666 735 475 263 408 
235 457 954 721 653 987 212 143 700 166 330 914 309 949 694 758 878 893 252 670 801 32 975 452 128 875 246 117 261 550 771 246 151 190 721 225 692 485 147 622 433 812 84 322 26 109 538 904 522 571 834 274 538 590 226 245 585 857 713 807 783 650 327 282 114 83 771 734 517 741 376 768 900 432 239 917 975 522 203 428 314 733 327 230 833 839 943 702 19 640 369 801 598 774 794 716 132 464 504 688 
536 204 675 990 203 241 858 18 717 891 879 58 492 522 34 547 974 314 614 447 918 945 333 673 992 402 533 340 981 596 895 430 613 105 547 129 520 927 350 155 730 9 326 186 906 787 371 745 865 943 526 233 379 123 375 440 407 567 167 306 46 679 569 122 301 461 762 311 330 507 74 599 720 915 34 260 707 543 940 552 171 831 232 866 264 158 372 862 42 852 585 894 13 778 798 827 302 71 117 793 
417 468 200 829 542 969 521 320 887 206 915 904 474 706 244 283 583 507 319 907 945 626 635 976 644 892 734 120 82 519 143 191 173 699 310 606 44 548 36 301 975 129 657 17 816 310 105 12 807 490 390 287 460 272 733 479 770 957 872 554 256 942 166 713 295 255 636 827 995 811 626 965 105 527 102 779 157 405 392 941 856 898 338 458 83 262 22 997 295 542 893 658 664 259 475 159 14 593 756 202 
617 239 532 431 183 89 369 590 679 71 409 550 346 387 867 315 231 317 679 177 195 383 820 934 67 711 622 689 705 104 428 116 56 95 562 642 256 134 691 290 487 635 956 678 806 782 488 732 543 941 840 562 751 919 95 327 680 250 958 822 747 580 988 698 679 892 19 440 140 151 179 230 678 282 400 527 531 610 666 860 347 724 208 986 850 454 36 61 406 450 564 672 121 214 190 50 310 461 936 487 
723 795 827 972 963 674 534 352 424 264 673 754 195 741 680 711 148 461 307 569 375 137 248 710 884 134 432 485 157 954 377 808 734 890 41 586 582 30 485 72 927 839 501 752 791 149 720 522 909 115 990 257 866 151 385 231 629 402 690 595 957 236 438 20 203 661 37 50 927 116 574 433 88 63 181 628 296 359 287 868 469 225 43 742 384 187 80 661 555 181 662 644 60 795 406 865 236 268 521 386 
847 484 689 1 721 601 465 440 93 96 302 19 468 998 306 151 119 653 701 782 166 100 314 872 348 830 370 144 544 501 235 292 877 471 678 242 252 517 915 146 718 874 485 840 851 114 733 54 721 46 343 204 38 194 103 31 548 397 450 553 840 859 340 742 240 964 420 210 407 810 273 756 931 221 819 323 937 118 458 762 757 414 135 661 819 892 60 848 684 32 957 612 442 235 411 153 386 867 60 787 
524 112 164 180 180 983 785 52 46 721 194 331 19 283 237 482 230 796 867 493 397 361 540 969 280 391 833 685 915 405 470 979 475 760 555 379 370 27 359 435 874 804 68 24 219 504 537 819 294 210 313 645 549 21 270 328 280 95 710 939 185 50 553 387 434 953 832 985 323 767 781 776 422 183 89 315 526 10 186 953 875 532 841 423 230 438 557 57 748 442 953 561 942 360 478 971 419 595 257 142 
321 403 554 971 992 72 145 419 331 683 833 290 909 637 305 461 679 588 767 812 756 1000 428 336 384 146 373 283 284 759 974 202 867 919 447 740 730 89 236 63 642 27 157 527 636 258 138 365 592 229 533 145 518 970 36 96 705 765 701 467 191 381 240 261 618 853 723 162 851 18 777 880 763 25 335 24 369 838 420 185 890 908 750 200 484 720 172 880 480 132 119 795 603 636 727 855 452 522 912 679 
107 346 297 551 382 981 271 196 26 982 414 479 875 950 579 944 476 552 802 938 510 940 83 131 825 28 219 32 939 800 35 858 626 657 971 426 875 752 205 589 529 164 193 784 381 6 676 11 392 172 7 261 281 671 8 163 231 534 147 47 565 38 151 322 537 8 321 370 843 673 800 338 173 328 13 76 623 737 960 551 431 916 51 585 507 821 112 474 503 297 57 902 812 213 274 825 879 87 817 687 
341 937 521 939 559 49 473 843 273 825 616 382 866 591 541 549 51 973 872 242 392 94 138 572 312 781 989 941 924 516 739 729 809 983 96 711 357 71 358 550 459 806 92 142 39 870 502 379 1 727 731 698 258 868 465 472 687 516 608 143 552 554 321 984 215 572 212 872 545 75 28 867 998 159 796 832 600 896 70 433 133 700 927 969 229 499 220 532 947 212 938 960 715 158 369 220 679 711 894 693 
705 836 27 443 160 756 703 813 804 909 260 585 144 59 429 545 273 268 772 654 858 213 589 814 205 922 339 413 242 728 358 573 191 139 242 437 907 182 518 267 211 854 969 681 488 61 5 736 199 391 832 719 574 646 358 954 351 374 105 51 166 736 83 273 499 631 210 451 886 340 441 275 917 74 509 314 239 673 382 448 350 179 993 48 6 423 616 452 784 673 113 294 941 630 351 378 355 361 346 292 
202 919 471 205 395 850 535 517 228 951 89 479 910 952 495 239 219 777 457 812 280 451 764 814 439 859 167 598 865 80 715 584 645 158 337 89 883 861 584 64 207 968 613 686 903 127 690 333 963 956 242 290 847 205 265 258 290 886 38 702 203 172 493 550 465 314 262 15 999 187 376 708 849 116 12 53 121 823 345 882 448 454 594 342 406 830 777 484 511 728 498 890 83 190 736 768 364 425 504 967 
126 845 207 945 816 33 532 156 733 24 109 110 873 394 402 944 339 463 36 322 343 952 580 882 824 621 915 180 432 390 813 753 256 483 788 479 926 682 989 931 673 187 973 753 54 373 282 736 712 335 194 118 481 374 579 62 283 586 615 780 284 47 206 772 917 220 944 222 986 37 161 906 255 168 579 291 799 545 114 645 820 847 514 422 309 899 289 102 922 908 532 534 921 324 962 786 246 272 146 366 
956 394 854 969 559 686 749 644 373 614 577 265 335 102 677 460 131 447 532 338 743 44 9 84 333 702 90 914 682 328 516 7 253 297 141 832 271 701 347 476 190 299 312 11 465 836 706 38 244 488 860 930 585 385 39 580 898 676 398 867 201 707 748 288 515 611 821 871 384 270 959 659 660 104 759 890 27 954 43 101 94 745 859 862 592 187 262 919 751 527 421 487 923 897 490 795 304 752 263 982 
963 920 743 344 342 390 549 272 604 295 237 105 355 23 607 782 748 947 125 437 948 854 960 436 968 787 967 319 867 615 259 492 143 812 275 589 20 460 883 883 156 332 723 482 618 149 680 393 342 25 29 214 233 505 79 972 65 737 587 699 908 952 169 19 364 505 245 728 935 707 225 44 411 704 579 640 699 728 688 761 500 947 254 74 39 649 338 709 244 434 334 145 819 996 848 306 674 495 987 539 
477 842 230 436 473 756 998 195 103 690 733 540 656 412 423 49 253 237 560 160 379 806 376 447 217 834 649 688 657 215 950 76 264 58 123 561 214 463 588 275 252 211 183 516 313 49 577 611 986 238 602 125 645 414 992 71 636 35 187 398 738 961 997 301 367 98 624 820 115 434 69 216 796 785 904 63 47 892 868 280 504 708 48 532 291 217 342 455 302 718 112 957 644 732 337 452 778 26 948 437 
191 516 272 562 302 695 22 383 739 605 328 16 527 413 977 670 635 112 468 16 662 323 262 243 175 160 594 978 945 923 808 996 66 421 213 369 330 467 930 338 875 323 172 754 229 515 502 417 71 162 288 682 316 539 813 801 971 582 736 303 5 421 716 905 900 30 486 900 56 485 515 313 249 46 657 640 244 118 998 245 293 64 371 53 857 374 135 464 976 197 682 595 317 166 144 236 461 622 865 629 
953 381 930 124 188 479 526 97 354 413 339 756 607 216 932 241 795 619 162 422 207 677 161 230 160 361 595 581 286 950 471 538 107 340 591 107 396 190 565 220 569 608 659 141 621 653 764 102 100 314 790 996 751 559 548 792 736 755 838 964 54 861 71 589 64 562 642 30 113 217 508 619 121 232 823 416 709 109 611 164 659 124 949 330 768 315 405 145 5 350 136 465 677 907 83 412 359 566 794 717 
12086 12917 13977 13373 12093 11955 13153 13168 12603 12024 12707 11707 13184 12562 12709 12164 12025 11922 11825 12631 11496 13564 11493 12588 12749 12731 12922 11505 11533 11552 
556 111 163 457 614 182 896 226 575 580 739 666 841 714 141 765 208 184 332 55 171 378 275 731 15 807 974 938 59 627 629 788 573 38 533 205 523 887 103 985 511 688 731 939 713 43 303 577 768 199 644 631 987 415 860 915 719 663 471 911 373 412 273 643 755 146 90 67 405 591 505 532 539 394 462 641 554 585 956 585 130 660 237 62 699 360 716 113 636 838 34 907 361 629 405 174 187 483 868 934 
413 63 111 312 888 650 111 279 890 995 81 989 623 449 486 398 153 598 253 842 189 540 608 638 60 75 687 476 350 409 463 989 959 968 650 603 879 960 21 729 92 56 63 109 914 888 679 413 568 871 28 57 216 795 356 536 91 21 994 334 300 470 326 837 292 783 641 505 292 123 605 72 21 463 393 428 911 729 612 731 247 960 793 938 192 78 145 655 286 748 479 605 614 551 357 598 605 793 939 742 
907 75 488 485 227 292 519 362 618 499 876 360 6 906 220 897 566 96 10 504 93 274 568 413 863 185 783 325 881 866 138 608 690 431 432 930 851 174 457 650 104 927 944 454 338 381 70 484 172 922 752 869 816 976 177 759 105 849 904 958 631 251 651 113 101 653 645 57 272 945 692 5 814 665 757 193 266 984 363 38 52 565 327 974 581 88 778 804 244 961 253 299 684 676 11 715 381 847 271 7 
547 859 25 285 674 829 878 49 145 915 532 824 153 820 370 13 462 582 25 209 768 292 915 754 48 519 295 751 579 468 576 90 523 313 525 286 564 738 961 167 445 339 634 564 95 694 100 967 679 594 467 935 880 366 71 580 354 173 340 176 446 871 20 694 305 25 487 229 895 138 249 752 216 316 149 449 558 144 960 51 614 750 526 499 957 614 700 760 525 118 15 3 307 338 896 833 618 214 665 663 
599 599 359 58 318 462 464 323 702 675 29 314 451 178 580 508 87 7 984 971 122 108 64 705 387 756 505 91 667 85 218 253 966 979 569 676 923 570 38 903 54 414 875 651 938 914 761 92 205 702 707 387 183 14 306 279 316 537 600 2 430 624 235 929 933 612 285 735 499 544 631 433 413 805 514 723 788 490 870 342 900 797 82 532 229 706 182 927 765 34 625 814 780 203 967 46 519 457 354 432 
125 16 938 816 161 934 350 356 987 920 622 546 795 645 544 128 223 738 588 434 219 354 83 474 344 494 735 983 890 59 35 62 895 231 231 748 458 85 826 550 968 715 469 280 493 179 433 210 209 530 96 212 427 811 117 348 797 693 901 41 191 874 466 461 359 165 458 114 999 89 465 169 515 396 820 882 207 862 658 803 986 384 569 80 57 142 194 663 341 617 203 468 282 691 391 355 911 597 987 942 
794 962 559 323 634 265 707 775 776 248 253 781 833 654 881 335 945 892 683 417 55 945 624 67 667 371 556 676 355 260 272 463 24 361 26 708 862 355 100 314 862 237 777 757 236 190 602 665 11 565 899 109 798 568 897 399 686 325 783 527 629 918 230 711 314 268 97 52 524 494 558 927 776 52 755 266 297 252 276 527 142 748 321 871 720 341 28 559 825 307 711 842 839 878 516 204 873 42 663 780 
447 682 649 672 673 522 987 818 781 695 260 630 331 346 255 727 738 691 49 494 877 448 306 563 992 981 895 205 267 893 271 313 495 375 758 148 749 841 627 8 258 799 127 863 869 558 777 34 795 983 508 683 314 442 31 805 378 692 991 482 56 302 81 938 929 674 764 806 929 919 421 537 463 382 625 845 537 686 522 28 568 350 810 128 792 575 687 742 812 346 702 96 291 482 279 911 412 934 301 791 
399 960 197 422 379 154 160 368 319 905 334 253 725 111 449 689 630 728 187 957 220 308 34 444 378 209 655 14 339 128 285 582 883 63 445 908 975 291 190 522 81 314 344 790 482 798 73 604 112 42 114 692 707 137 683 926 957 474 735 360 230 406 189 980 285 284 617 492 862 236 914 607 873 707 189 359 862 173 647 469 464 240 377 229 39 14 771 443 782 559 47 17 421 280 768 898 63 141 927 495 
63 374 675 523 593 502 105 14 454 787 81 180 434 354 97 988 107 605 519 419 664 305 554 986 925 82 458 76 546 764 38 762 269 357 778 881 169 13 124 746 182 447 750 249 95 381 832 394 10 646 107 235 326 636 558 329 753 616 298 288 490 209 713 884 955 798 54 722 353 612 485 697 291 723 257 632 215 902 122 32 719 938 741 420 615 339 254 245 324 766 555 740 680 526 447 149 684 399 478 543 
736 704 315 357 60 129 178 404 340 425 473 630 2 855 847 10 981 124 634 396 310 600 601 166 230 420 991 792 991 328 510 73 783 700 681 855 311 130 110 69 331 307 797 813 335 335 288 626 693 304 258 924 221 19 357 242 793 152 614 868 665 254 281 781 271 670 63 555 178 723 178 72 892 778 0 470 141 345 560 222 236 637 406 512 714 433 413 490 210 699 953 776 537 713 479 928 692 329 967 412 
494 799 889 153 424 711 774 191 484 718 879 678 986 458 726 624 272 392 691 414 41 227 125 256 673 495 438 101 733 956 265 616 842 551 952 222 770 485 581 143 355 862 27 303 633 903 125 79 96 597 91 832 113 103 671 560 549 893 111 422 995 198 794 922 616 814 555 64 465 713 554 664 676 71 896 793 609 483 543 575 839 667 557 348 370 519 770 72 873 7 231 670 84 145 358 569 331 706 388 10 
158 936 475 254 888 717 937 998 944 231 938 46 24 104 122 782 733 589 976 635 470 418 160 458 885 117 820 82 842 461 492 240 255 815 844 90 868 669 171 719 906 578 105 791 113 30 237 114 514 198 488 294 264 216 704 986 235 767 365 483 504 764 488 479 653 518 761 30 571 907 787 778 611 921 806 599 540 332 956 400 827 518 797 837 7 341 961 945 766 162 165 392 793 569 941 486 526 668 927 584 
669 509 264 802 733 902 900 156 303 684 601 606 701 770 378 385 91 683 95 99 187 163 856 168 478 990 913 553 190 570 147 997 866 497 666 94 249 241 661 913 921 779 716 236 233 336 997 443 131 6 515 173 853 232 411 326 293 244 285 308 180 423 826 559 806 890 712 833 112 149 370 323 396 986 75 268 914 18 303 388 50 16 389 4 262 320 599 149 599 63 65 875 910 513 658 529 553 225 878 438 
627 472 87 885 647 572 533 581 251 970 430 877 494 251 80 748 658 904 726 875 792 153 720 478 960 824 976 573 424 906 989 265 934 421 590 691 803 59 719 579 599 576 989 234 438 160 733 885 401 16 314 809 35 169 307 455 852 558 884 54 903 992 443 541 275 189 398 851 596 198 543 498 617 207 627 214 94 267 550 840 147 674 788 350 991 491 878 818 591 552 45 645 595 141 615 594 388 627 730 534 
557 952 949 495 382 542 557 79 794 170 789 997 522 396 263 973 143 139 484 61 569 237 167 795 395 501 748 430 810 386 143 720 909 155 540 420 678 679 314 536 132 849 327 893 853 607 766 722 238 294 782 989 172 478 840 554 839 554 270 394 846 189 108 488 744 221 467 44 239 111 502 251 775 359 576 412 312 973 234 832 902 406 253 172 10 736 246 553 51 35 812 366 119 147 993 932 195 910 83 541 
821 242 595 888 365 204 138 217 655 321 540 787 141 675 386 283 849 509 744 173 462 969 70 938 374 404 709 757 102 299 312 361 19 227 300 229 289 567 609 984 228 335 36 992 557 564 982 73 418 981 370 560 970 816 236 47 401 224 687 605 139 565 408 837 819 680 667 289 321 60 38 610 474 774 889 434 66 753 751 999 194 496 894 539 740 598 246 35 854 98 260 275 653 640 220 300 602 228 497 611 
840 933 88 171 176 592 12 654 499 776 643 555 328 415 51 113 891 157 95 702 946 337 713 397 443 937 302 977 802 838 684 471 810 67 4 531 744 709 424 254 121 201 32 403 89 432 485 885 476 326 148 257 457 299 255 687 155 289 803 693 406 346 643 793 23 264 615 201 577 768 396 363 538 579 982 280 951 524 178 912 331 638 147 524 19 970 526 373 28 623 428 175 129 295 70 890 595 214 217 473 
818 365 678 200 455 240 594 68 423 562 729 618 451 205 633 319 525 915 523 626 283 786 879 828 280 623 854 461 516 309 597 429 657 967 978 137 863 573 990 518 676 16 410 919 372 852 318 971 687 989 32 885 40 753 313 20 921 790 807 298 929 919 867 990 275 262 233 44 294 790 990 786 443 733 980 441 948 995 123 351 394 535 802 140 182 59 24 761 211 863 231 636 607 188 809 545 221 668 631 444 
495 554 563 946 299 556 83 291 385 822 957 28 849 72 821 542 636 430 815 335 462 428 618 400 838 368 70 664 891 368 312 731 932 992 872 728 896 202 660 69 740 960 780 176 582 376 408 186 965 171 815 180 652 629 427 20 776 635 482 626 876 102 359 61 100 563 430 121 895 925 467 594 800 367 464 66 422 644 607 73 335 4 530 539 820 583 910 426 697 145 988 322 122 949 660 256 320 344 230 585 
301 408 670 916 373 767 975 833 321 955 946 462 778 768 325 162 638 910 555 23 181 742 951 659 577 862 795 647 759 902 103 379 310 342 300 69 669 177 623 61 493 751 726 341 15 850 492 7 170 650 363 780 11 345 174 575 462 893 581 579 634 432 561 83 873 703 712 835 923 351 427 850 386 173 153 370 800 872 805 460 400 547 654 540 48 943 766 319 875 651 501 393 180 507 354 271 630 590 811 874 
348 352 914 287 374 816 687 181 662 533 959 424 66 515 796 182 23 154 849 986 786 14 948 555 157 829 432 986 261 615 182 194 223 770 922 623 390 354 641 491 213 166 859 874 734 250 128 253 713 389 661 191 301 171 792 336 20 192 499 735 390 525 944 818 863 405 658 473 723 421 100 653 491 811 761 842 397 566 40 903 53 147 375 644 804 803 390 715 283 62 285 382 245 187 576 159 361 546 49 576 
440 753 464 548 82 235 599 32 860 121 746 818 749 680 231 947 673 279 981 386 16 716 76 573 150 448 72 329 686 949 253 162 968 923 541 632 56 782 371 412 155 176 174 301 310 753 177 710 273 343 829 692 375 65 123 390 112 333 587 359 170 982 689 125 138 196 115 337 413 685 811 626 879 602 377 695 89 647 567 847 407 159 608 635 45 558 767 536 616 22 788 632 742 25 888 975 931 865 936 306 
623 351 581 287 956 70 582 99 257 217 566 418 402 698 566 341 789 578 578 34 49 303 318 634 637 849 472 271 492 1 477 444 94 963 391 797 924 632 527 250 211 123 774 85 870 825 868 701 383 124 85 371 393 120 379 969 101 309 641 181 13 527 189 665 861 523 995 539 569 16 321 272 46 898 322 426 171 911 736 236 208 260 636 589 666 519 184 739 913 187 848 659 337 671 135 293 760 713 391 690 
55 946 150 125 47 361 1 159 537 528 599 115 212 770 379 41 426 266 953 294 248 170 476 37 10 784 387 956 963 896 573 820 477 117 826 529 224 935 114 852 233 801 204 401 233 551 855 181 713 351 239 44 619 79 99 458 178 295 11 713 262 147 537 914 402 628 479 700 749 580 231 878 540 67 456 375 432 47 560 341 701 407 119 453 530 641 759 973 876 681 552 241 470 528 126 914 625 129 269 989 
6 492 1000 852 570 964 70 616 337 581 499 750 42 392 227 743 612 611 932 491 866 631 771 638 670 940 120 497 588 650 164 641 829 605 389 931 327 564 865 375 892 454 625 622 24 825 365 891 9 898 171 587 415 192 59 323 824 697 670 136 610 904 85 437 351 973 506 585 775 281 987 432 510 75 0 34 731 825 974 225 337 171 868 299 870 620 215 61 828 888 359 429 292 811 272 807 570 394 544 125 
961 337 576 627 85 595 131 750 662 391 118 721 983 718 229 589 833 56 588 750 749 916 973 194 776 876 293 361 595 485 271 855 298 528 536 720 753 704 503 371 624 166 113 609 772 533 818 194 240 646 118 160 241 240 618 597 431 243 117 36 704 48 820 213 735 639 138 583 233 348 432 600 259 357 706 200 162 927 365 573 678 683 632 820 357 103 301 341 410 326 495 179 922 939 540 643 216 759 521 932 
413 47 50 202 811 398 414 469 216 703 967 52 206 187 536 206 435 985 71 802 736 801 360 815 365 344 890 32 747 413 290 47 84 376 906 145 365 112 213 289 205 766 293 379 359 644 280 104 806 579 455 817 989 450 905 597 405 933 508 728 511 760 231 958 809 76 166 415 162 133 695 941 789 498 515 308 635 121 24 312 425 303 39 828 16 968 389 17 278 125 945 249 992 345 780 178 96 167 182 608 
164 949 500 968 967 212 365 554 348 471 886 217 372 976 240 863 927 454 599 54 86 659 227 209 366 292 14 204 84 493 250 322 125 544 745 850 364 995 700 58 112 30 464 983 627 182 934 7 761 978 888 79 752 866 59 793 264 818 573 338 746 823 635 92 762 693 740 753 731 351 508 816 338 412 803 426 662 67 275 617 152 817 668 994 270 250 432 773 996 490 494 202 224 104 371 850 313 161 861 232 
314 583 661 544 898 385 112 108 337 782 52 483 520 806 635 451 284 349 420 549 751 769 25 591 361 894 21 522 202 607 49 155 359 734 748 821 217 837 745 489 935 339 946 595 157 759 481 550 884 676 606 494 960 373 897 959 483 623 636 559 811 557 157 775 569 767 154 170 736 409 78 461 919 16 986 632 515 926 832 66 357 516 228 1 474 86 512 519 586 147 832 157 531 88 812 612 136 923 471 412 
12718 12444 12525 11838 12344 12091 12951 14075 11245 11553 11791 12517 13592 11699 13757 12269 12037 11395 13722 12817 13427 12096 12102 11666 11231 13147 12453 11173 12521 12755 
