100 30 30
285 577 307 729 428 71 579 366 334 391 584 627 750 220 566 508 328 282 113 583 537 506 284 690 545 536 535 490 542 231 477 355 652 361 155 333 422 460 473 712 302 326 332 539 355 537 246 414 492 394 406 262 414 580 339 109 723 644 435 269 463 190 462 277 350 472 457 299 555 633 481 563 445 445 330 286 318 371 651 397 699 651 140 622 390 192 465 408 89 473 576 423 485 510 423 172 354 563 433 235 
83 174 590 473 722 767 10 499 555 204 284 504 946 800 931 165 830 271 102 629 136 532 165 600 955 483 761 606 288 77 452 273 751 566 911 126 861 760 696 579 184 542 784 397 211 136 222 768 786 673 446 949 701 122 478 546 532 876 254 333 407 968 797 31 994 638 996 808 498 128 515 470 867 221 845 237 61 732 237 13 698 702 308 887 816 337 994 845 919 526 296 900 449 515 159 458 148 502 803 903 
369 30 572 598 35 401 394 56 382 308 799 644 669 982 626 161 97 268 598 63 234 634 335 289 800 678 992 59 86 829 172 771 667 642 235 745 192 482 937 862 520 601 997 998 643 842 142 4 313 944 909 898 367 496 698 997 763 202 249 3 54 68 825 748 271 229 135 521 914 962 623 407 970 130 182 233 100 9 553 857 455 791 37 404 812 343 899 33 330 919 913 976 70 994 592 146 285 302 634 660 
849 574 23 883 757 200 436 638 128 844 362 902 971 713 127 463 139 575 791 307 949 372 465 331 757 319 490 252 733 158 889 723 950 384 47 993 751 434 869 93 352 946 794 300 693 397 51 617 452 529 345 12 293 193 881 476 508 460 878 332 327 412 23 630 776 696 24 651 354 704 857 838 235 244 113 419 750 619 712 163 229 404 943 316 416 567 400 483 89 696 997 625 4 465 186 429 423 908 626 975 
116 203 274 937 81 137 302 603 116 404 47 597 719 104 850 827 368 925 528 479 806 244 503 346 850 732 563 225 59 895 172 367 47 139 486 350 962 425 923 708 761 559 184 703 243 934 210 665 116 252 30 418 569 255 396 689 947 182 297 784 692 927 631 665 843 39 893 92 558 309 181 30 108 213 50 393 496 366 278 158 853 851 173 915 60 978 91 588 294 566 566 163 402 908 850 919 654 447 393 309 
622 924 167 841 501 277 70 171 174 271 495 610 689 274 483 410 566 900 349 188 347 188 576 545 574 678 791 455 321 460 376 504 209 39 383 925 972 912 700 901 349 457 109 69 194 626 985 934 448 373 113 610 483 905 495 476 895 246 60 274 141 421 267 4 215 125 142 738 546 133 892 39 630 133 87 559 623 795 967 881 600 686 441 180 68 52 525 91 661 556 913 889 97 531 217 267 304 519 476 783 
630 437 557 168 464 442 438 543 920 988 980 769 760 294 731 275 624 822 128 118 472 647 952 18 93 237 179 571 52 796 224 470 624 638 944 930 602 393 890 231 21 429 841 408 271 822 799 407 126 654 32 412 1 799 423 126 793 771 65 325 268 860 411 486 616 339 260 92 871 697 746 109 246 359 862 268 477 757 879 136 774 308 927 655 222 925 991 653 246 918 587 530 366 88 941 726 614 922 978 781 
932 2 191 803 908 105 850 878 330 828 777 694 921 25 67 885 721 568 663 247 955 245 184 776 604 255 61 527 82 555 66 719 986 53 361 983 469 243 646 662 623 858 949 593 373 669 668 272 849 513 96 532 647 641 561 16 773 770 668 274 709 726 60 448 610 66 432 763 619 902 586 869 682 143 501 249 932 583 748 270 335 871 826 875 972 241 685 562 737 281 842 789 334 405 919 178 379 656 763 997 
502 762 269 337 909 844 183 894 13 663 817 769 441 459 501 622 266 966 558 318 201 762 470 337 789 413 404 171 245 71 595 750 412 286 793 35 543 825 324 431 792 358 348 711 736 796 952 324 855 823 370 780 940 663 857 231 290 824 307 52 464 264 815 830 406 954 515 755 129 581 667 974 133 363 148 633 165 498 588 277 221 301 649 804 33 64 187 453 813 493 379 37 596 354 888 21 157 567 62 185 
49 312 373 914 285 231 986 431 207 886 1000 752 530 975 117 606 634 980 60 500 487 597 637 702 274 325 462 83 864 940 320 300 993 315 178 850 791 993 126 129 646 679 357 999 176 437 524 994 967 827 883 308 895 96 665 751 736 402 65 984 343 210 138 742 719 125 234 824 42 1 400 575 875 766 779 704 7 832 654 136 94 190 17 93 77 196 470 944 760 137 336 668 170 760 700 206 61 910 804 922 
193 392 63 209 820 202 962 604 21 319 21 792 848 820 933 975 993 196 629 169 425 553 796 359 842 526 613 516 922 471 569 369 545 86 940 135 251 444 481 108 676 611 167 81 206 870 217 353 595 173 678 906 188 74 381 185 541 765 822 319 511 80 784 438 395 17 119 209 7 883 865 598 418 971 597 717 911 195 99 605 988 457 720 763 271 525 370 554 141 981 230 161 874 408 427 375 960 980 647 487 
232 543 450 971 81 680 382 770 779 748 227 546 730 696 53 404 508 433 460 81 737 996 7 640 901 991 511 101 375 476 605 313 910 153 219 331 720 569 555 906 235 720 58 271 839 89 538 388 498 191 459 592 345 653 351 486 247 838 239 48 768 99 104 390 330 73 342 758 848 255 948 147 469 399 1000 550 250 852 234 333 985 894 54 654 206 573 422 17 176 588 921 392 419 225 986 320 618 598 792 540 
663 904 353 878 283 546 805 661 892 986 531 750 481 270 582 578 478 471 182 914 24 818 55 749 600 245 585 989 440 656 732 709 287 703 129 308 780 785 873 94 843 42 14 974 570 984 491 885 11 536 85 449 664 503 174 479 504 871 270 183 835 647 200 41 295 154 829 771 672 443 483 311 641 125 67 702 677 100 645 304 644 282 84 255 574 555 537 686 241 64 440 508 843 69 581 288 255 9 804 964 
903 480 795 290 277 354 801 991 297 617 251 73 833 5 930 554 772 983 742 146 917 104 688 701 881 887 442 874 351 341 672 871 97 560 619 677 431 169 593 719 230 167 702 873 562 552 568 163 649 571 269 682 556 821 174 91 899 935 928 503 295 773 7 908 111 213 105 401 471 491 850 663 348 87 197 665 968 19 742 794 597 893 248 792 636 298 785 828 459 749 135 86 416 177 185 315 408 668 590 62 
221 328 710 656 363 576 889 79 642 823 459 215 617 304 917 715 326 932 907 729 656 495 503 281 801 746 848 388 292 791 521 540 962 470 571 888 756 538 274 492 96 931 457 553 547 481 165 666 715 141 489 130 658 48 583 182 458 688 362 87 835 149 459 387 893 728 866 448 918 278 264 792 834 559 502 298 997 810 759 607 650 429 142 799 473 142 576 167 315 761 359 963 485 943 612 203 438 995 754 480 
472 36 114 771 280 13 90 297 950 75 349 704 363 11 344 792 182 985 98 282 524 280 737 626 227 309 836 724 173 650 660 720 653 915 729 500 778 842 286 990 158 763 997 102 542 959 1000 61 400 649 876 320 462 571 422 347 116 13 98 502 898 386 40 567 994 955 661 29 433 920 346 176 750 459 575 154 868 594 814 382 350 143 751 818 119 514 303 685 280 762 247 993 638 685 77 711 408 669 573 381 
732 134 558 713 852 217 908 258 171 787 985 891 795 875 211 286 17 773 299 866 687 193 547 932 799 579 220 199 40 128 778 252 387 157 241 887 738 728 932 951 205 731 442 83 868 188 623 445 827 797 827 400 609 44 605 265 15 115 181 975 177 645 468 153 30 749 676 508 447 614 695 49 249 865 449 48 706 826 4 991 910 354 103 465 391 59 678 374 141 125 168 38 643 931 178 502 285 380 943 814 
627 131 892 576 199 414 925 233 54 702 482 364 80 691 71 291 679 309 902 693 186 762 188 750 334 98 166 225 697 380 617 566 694 239 636 68 944 921 127 909 495 895 832 212 379 912 402 239 731 338 60 324 612 961 442 597 219 427 725 228 729 325 771 421 209 531 615 733 522 714 807 478 381 886 712 927 998 370 801 261 570 323 49 117 109 675 697 893 104 598 106 621 69 110 741 161 730 767 933 523 
735 906 444 466 440 90 655 877 585 200 771 901 364 607 413 126 515 407 451 308 567 762 131 493 861 648 127 859 427 410 805 902 766 624 783 922 936 556 80 638 12 859 10 64 282 471 807 688 129 213 926 107 327 399 809 445 169 401 24 483 539 788 863 5 23 549 832 95 438 35 281 761 303 50 12 12 330 594 304 811 236 398 682 683 872 462 259 515 746 620 792 825 610 398 85 250 370 448 399 751 
889 143 435 312 475 334 769 601 358 288 88 248 741 354 473 18 763 70 947 720 334 567 57 573 25 671 861 723 824 802 715 555 1 969 134 793 695 982 3 49 285 106 223 725 309 488 313 153 166 975 55 588 831 362 705 703 934 976 928 794 391 178 349 763 94 232 313 222 587 354 1000 395 567 928 652 947 290 992 786 560 19 866 807 87 588 69 585 854 403 776 973 269 769 928 60 223 24 821 789 517 
999 827 8 575 269 105 968 362 190 611 134 999 865 63 380 929 645 145 881 724 727 8 726 702 805 653 178 143 488 255 561 184 699 560 541 581 989 389 642 625 737 872 699 358 320 357 294 802 267 990 736 136 810 239 632 619 339 809 756 91 20 295 207 93 912 802 909 532 169 701 259 602 881 87 786 117 536 404 949 601 637 859 23 505 397 741 718 757 900 99 349 227 926 796 717 933 780 48 617 678 
88 592 819 668 959 353 194 116 274 29 928 736 394 256 949 841 998 651 654 829 703 11 539 70 117 550 427 833 673 811 968 785 794 86 434 175 68 86 292 786 596 759 392 822 868 6 916 510 271 40 993 825 883 586 407 198 578 518 627 359 646 690 763 823 711 304 863 682 919 949 872 921 640 755 149 682 75 716 354 10 103 149 935 642 338 415 529 618 595 596 411 360 444 301 66 278 32 838 443 727 
520 694 293 672 845 576 655 886 485 11 727 891 294 385 791 456 347 106 512 625 298 774 60 892 497 45 205 535 556 911 998 820 727 786 181 782 491 486 477 744 795 66 693 66 876 325 290 651 647 820 229 645 349 55 733 755 231 642 235 339 155 915 391 987 925 80 350 821 931 614 832 778 86 610 474 344 26 176 504 51 964 733 512 692 22 996 167 421 453 290 245 488 5 179 903 154 112 609 952 19 
587 560 815 946 429 386 791 587 918 83 152 528 644 108 993 144 893 168 50 409 963 48 586 911 354 430 694 66 50 796 100 129 189 555 403 25 816 690 859 252 642 357 836 393 790 689 567 967 840 1000 182 913 713 217 108 896 754 29 572 604 650 545 170 104 536 231 452 928 464 603 159 459 517 478 569 400 194 309 858 722 353 94 706 636 647 423 153 91 366 807 456 462 817 313 802 646 268 925 234 613 
739 525 667 616 471 327 178 348 568 583 988 634 454 986 719 722 862 770 97 200 653 461 914 241 605 340 667 124 330 604 828 945 771 334 623 259 505 951 205 476 313 607 643 677 9 74 892 826 677 449 582 823 383 158 396 53 528 649 398 498 968 636 267 836 303 1 298 516 689 567 3 234 820 103 472 492 953 1 314 814 100 204 438 152 164 394 460 986 552 352 659 320 40 862 694 638 839 507 693 642 
169 790 875 580 633 500 387 847 759 500 417 292 595 260 601 202 676 674 83 336 335 274 377 502 473 986 367 911 803 622 71 951 624 173 934 684 520 856 563 30 505 14 817 77 546 697 433 119 904 829 585 143 988 94 978 780 195 647 956 495 307 434 961 418 110 435 244 688 169 170 441 993 345 380 473 194 26 841 860 174 903 932 469 655 544 740 915 786 46 885 13 902 152 46 387 538 452 928 213 713 
492 299 956 511 734 840 994 945 865 574 539 158 569 686 584 399 489 693 607 976 635 909 436 923 129 114 405 9 848 173 128 624 554 882 310 490 432 570 636 75 513 792 389 65 334 428 657 41 537 217 36 166 408 94 535 24 182 543 798 277 500 161 694 491 410 808 965 657 807 913 998 304 177 478 827 405 6 965 66 60 551 127 379 763 351 753 270 180 711 324 383 456 983 213 959 363 36 284 113 100 
532 613 329 96 450 97 301 588 393 969 833 607 387 23 379 537 823 829 179 574 804 466 472 248 945 120 618 32 864 303 748 266 581 815 293 891 682 200 755 612 680 817 326 812 285 58 509 846 953 666 748 136 774 296 872 950 802 75 248 730 14 408 356 197 772 598 898 569 611 123 628 70 354 516 99 313 478 863 737 412 475 81 274 768 84 623 192 451 579 437 841 737 295 159 385 291 992 211 799 522 
964 683 393 682 207 11 510 960 652 695 831 81 431 986 772 815 190 342 1000 533 138 198 964 469 969 669 621 542 433 69 765 886 389 319 249 225 871 413 640 575 881 289 518 991 163 764 67 902 700 365 896 269 881 591 370 621 758 833 574 300 360 221 979 469 990 720 198 369 283 467 376 191 996 934 559 172 625 199 631 859 446 157 975 627 279 408 387 635 70 100 717 510 643 882 738 591 559 589 430 379 
217 852 559 352 749 469 978 17 305 708 120 959 949 733 366 399 644 680 295 622 231 933 89 708 924 740 986 547 345 718 473 343 523 417 837 810 813 518 294 742 529 642 997 754 183 590 156 273 593 607 949 205 794 581 459 327 682 812 779 611 283 148 49 476 584 177 41 525 850 722 292 924 698 521 679 4 278 847 2 993 44 486 622 986 1000 147 627 853 469 353 820 261 997 471 676 588 624 548 885 737 
446 808 252 497 749 802 157 677 353 337 288 662 295 852 465 771 776 680 121 903 678 484 694 723 567 598 370 614 708 115 958 590 640 753 717 990 761 37 841 717 217 979 894 514 177 337 975 114 274 83 500 917 235 260 865 195 529 921 413 778 202 629 199 44 392 84 264 291 46 17 17 580 364 710 963 836 58 814 832 541 566 508 821 230 910 906 444 854 572 921 43 735 780 475 726 427 119 114 429 111 
39514 37249 38159 34886 34600 39350 41788 37037 38405 37244 36303 37445 39014 41045 37375 36584 37454 36157 38254 40175 39776 37833 37752 38181 38937 36164 37537 40946 41831 39148 
556 111 163 457 614 182 896 226 575 580 739 666 841 714 141 765 208 184 332 55 171 378 275 731 15 807 974 938 59 627 629 788 573 38 533 205 523 887 103 985 511 688 731 939 713 43 303 577 768 199 644 631 987 415 860 915 719 663 471 911 373 412 273 643 755 146 90 67 405 591 505 532 539 394 462 641 554 585 956 585 130 660 237 62 699 360 716 113 636 838 34 907 361 629 405 174 187 483 868 934 
413 63 111 312 888 650 111 279 890 995 81 989 623 449 486 398 153 598 253 842 189 540 608 638 60 75 687 476 350 409 463 989 959 968 650 603 879 960 21 729 92 56 63 109 914 888 679 413 568 871 28 57 216 795 356 536 91 21 994 334 300 470 326 837 292 783 641 505 292 123 605 72 21 463 393 428 911 729 612 731 247 960 793 938 192 78 145 655 286 748 479 605 614 551 357 598 605 793 939 742 
907 75 488 485 227 292 519 362 618 499 876 360 6 906 220 897 566 96 10 504 93 274 568 413 863 185 783 325 881 866 138 608 690 431 432 930 851 174 457 650 104 927 944 454 338 381 70 484 172 922 752 869 816 976 177 759 105 849 904 958 631 251 651 113 101 653 645 57 272 945 692 5 814 665 757 193 266 984 363 38 52 565 327 974 581 88 778 804 244 961 253 299 684 676 11 715 381 847 271 7 
547 859 25 285 674 829 878 49 145 915 532 824 153 820 370 13 462 582 25 209 768 292 915 754 48 519 295 751 579 468 576 90 523 313 525 286 564 738 961 167 445 339 634 564 95 694 100 967 679 594 467 935 880 366 71 580 354 173 340 176 446 871 20 694 305 25 487 229 895 138 249 752 216 316 149 449 558 144 960 51 614 750 526 499 957 614 700 760 525 118 15 3 307 338 896 833 618 214 665 663 
599 599 359 58 318 462 464 323 702 675 29 314 451 178 580 508 87 7 984 971 122 108 64 705 387 756 505 91 667 85 218 253 966 979 569 676 923 570 38 903 54 414 875 651 938 914 761 92 205 702 707 387 183 14 306 279 316 537 600 2 430 624 235 929 933 612 285 735 499 544 631 433 413 805 514 723 788 490 870 342 900 797 82 532 229 706 182 927 765 34 625 814 780 203 967 46 519 457 354 432 
125 16 938 816 161 934 350 356 987 920 622 546 795 645 544 128 223 738 588 434 219 354 83 474 344 494 735 983 890 59 35 62 895 231 231 748 458 85 826 550 968 715 469 280 493 179 433 210 209 530 96 212 427 811 117 348 797 693 901 41 191 874 466 461 359 165 458 114 999 89 465 169 515 396 820 882 207 862 658 803 986 384 569 80 57 142 194 663 341 617 203 468 282 691 391 355 911 597 987 942 
794 962 559 323 634 265 707 775 776 248 253 781 833 654 881 335 945 892 683 417 55 945 624 67 667 371 556 676 355 260 272 463 24 361 26 708 862 355 100 314 862 237 777 757 236 190 602 665 11 565 899 109 798 568 897 399 686 325 783 527 629 918 230 711 314 268 97 52 524 494 558 927 776 52 755 266 297 252 276 527 142 748 321 871 720 341 28 559 825 307 711 842 839 878 516 204 873 42 663 780 
447 682 649 672 673 522 987 818 781 695 260 630 331 346 255 727 738 691 49 494 877 448 306 563 992 981 895 205 267 893 271 313 495 375 758 148 749 841 627 8 258 799 127 863 869 558 777 34 795 983 508 683 314 442 31 805 378 692 991 482 56 302 81 938 929 674 764 806 929 919 421 537 463 382 625 845 537 686 522 28 568 350 810 128 792 575 687 742 812 346 702 96 291 482 279 911 412 934 301 791 
399 960 197 422 379 154 160 368 319 905 334 253 725 111 449 689 630 728 187 957 220 308 34 444 378 209 655 14 339 128 285 582 883 63 445 908 975 291 190 522 81 314 344 790 482 798 73 604 112 42 114 692 707 137 683 926 957 474 735 360 230 406 189 980 285 284 617 492 862 236 914 607 873 707 189 359 862 173 647 469 464 240 377 229 39 14 771 443 782 559 47 17 421 280 768 898 63 141 927 495 
63 374 675 523 593 502 105 14 454 787 81 180 434 354 97 988 107 605 519 419 664 305 554 986 925 82 458 76 546 764 38 762 269 357 778 881 169 13 124 746 182 447 750 249 95 381 832 394 10 646 107 235 326 636 558 329 753 616 298 288 490 209 713 884 955 798 54 722 353 612 485 697 291 723 257 632 215 902 122 32 719 938 741 420 615 339 254 245 324 766 555 740 680 526 447 149 684 399 478 543 
736 704 315 357 60 129 178 404 340 425 473 630 2 855 847 10 981 124 634 396 310 600 601 166 230 420 991 792 991 328 510 73 783 700 681 855 311 130 110 69 331 307 797 813 335 335 288 626 693 304 258 924 221 19 357 242 793 152 614 868 665 254 281 781 271 670 63 555 178 723 178 72 892 778 0 470 141 345 560 222 236 637 406 512 714 433 413 490 210 699 953 776 537 713 479 928 692 329 967 412 
494 799 889 153 424 711 774 191 484 718 879 678 986 458 726 624 272 392 691 414 41 227 125 256 673 495 438 101 733 956 265 616 842 551 952 222 770 485 581 143 355 862 27 303 633 903 125 79 96 597 91 832 113 103 671 560 549 893 111 422 995 198 794 922 616 814 555 64 465 713 554 664 676 71 896 793 609 483 543 575 839 667 557 348 370 519 770 72 873 7 231 670 84 145 358 569 331 706 388 10 
158 936 475 254 888 717 937 998 944 231 938 46 24 104 122 782 733 589 976 635 470 418 160 458 885 117 820 82 842 461 492 240 255 815 844 90 868 669 171 719 906 578 105 791 113 30 237 114 514 198 488 294 264 216 704 986 235 767 365 483 504 764 488 479 653 518 761 30 571 907 787 778 611 921 806 599 540 332 956 400 827 518 797 837 7 341 961 945 766 162 165 392 793 569 941 486 526 668 927 584 
669 509 264 802 733 902 900 156 303 684 601 606 701 770 378 385 91 683 95 99 187 163 856 168 478 990 913 553 190 570 147 997 866 497 666 94 249 241 661 913 921 779 716 236 233 336 997 443 131 6 515 173 853 232 411 326 293 244 285 308 180 423 826 559 806 890 712 833 112 149 370 323 396 986 75 268 914 18 303 388 50 16 389 4 262 320 599 149 599 63 65 875 910 513 658 529 553 225 878 438 
627 472 87 885 647 572 533 581 251 970 430 877 494 251 80 748 658 904 726 875 792 153 720 478 960 824 976 573 424 906 989 265 934 421 590 691 803 59 719 579 599 576 989 234 438 160 733 885 401 16 314 809 35 169 307 455 852 558 884 54 903 992 443 541 275 189 398 851 596 198 543 498 617 207 627 214 94 267 550 840 147 674 788 350 991 491 878 818 591 552 45 645 595 141 615 594 388 627 730 534 
557 952 949 495 382 542 557 79 794 170 789 997 522 396 263 973 143 139 484 61 569 237 167 795 395 501 748 430 810 386 143 720 909 155 540 420 678 679 314 536 132 849 327 893 853 607 766 722 238 294 782 989 172 478 840 554 839 554 270 394 846 189 108 488 744 221 467 44 239 111 502 251 775 359 576 412 312 973 234 832 902 406 253 172 10 736 246 553 51 35 812 366 119 147 993 932 195 910 83 541 
821 242 595 888 365 204 138 217 655 321 540 787 141 675 386 283 849 509 744 173 462 969 70 938 374 404 709 757 102 299 312 361 19 227 300 229 289 567 609 984 228 335 36 992 557 564 982 73 418 981 370 560 970 816 236 47 401 224 687 605 139 565 408 837 819 680 667 289 321 60 38 610 474 774 889 434 66 753 751 999 194 496 894 539 740 598 246 35 854 98 260 275 653 640 220 300 602 228 497 611 
840 933 88 171 176 592 12 654 499 776 643 555 328 415 51 113 891 157 95 702 946 337 713 397 443 937 302 977 802 838 684 471 810 67 4 531 744 709 424 254 121 201 32 403 89 432 485 885 476 326 148 257 457 299 255 687 155 289 803 693 406 346 643 793 23 264 615 201 577 768 396 363 538 579 982 280 951 524 178 912 331 638 147 524 19 970 526 373 28 623 428 175 129 295 70 890 595 214 217 473 
818 365 678 200 455 240 594 68 423 562 729 618 451 205 633 319 525 915 523 626 283 786 879 828 280 623 854 461 516 309 597 429 657 967 978 137 863 573 990 518 676 16 410 919 372 852 318 971 687 989 32 885 40 753 313 20 921 790 807 298 929 919 867 990 275 262 233 44 294 790 990 786 443 733 980 441 948 995 123 351 394 535 802 140 182 59 24 761 211 863 231 636 607 188 809 545 221 668 631 444 
495 554 563 946 299 556 83 291 385 822 957 28 849 72 821 542 636 430 815 335 462 428 618 400 838 368 70 664 891 368 312 731 932 992 872 728 896 202 660 69 740 960 780 176 582 376 408 186 965 171 815 180 652 629 427 20 776 635 482 626 876 102 359 61 100 563 430 121 895 925 467 594 800 367 464 66 422 644 607 73 335 4 530 539 820 583 910 426 697 145 988 322 122 949 660 256 320 344 230 585 
301 408 670 916 373 767 975 833 321 955 946 462 778 768 325 162 638 910 555 23 181 742 951 659 577 862 795 647 759 902 103 379 310 342 300 69 669 177 623 61 493 751 726 341 15 850 492 7 170 650 363 780 11 345 174 575 462 893 581 579 634 432 561 83 873 703 712 835 923 351 427 850 386 173 153 370 800 872 805 460 400 547 654 540 48 943 766 319 875 651 501 393 180 507 354 271 630 590 811 874 
348 352 914 287 374 816 687 181 662 533 959 424 66 515 796 182 23 154 849 986 786 14 948 555 157 829 432 986 261 615 182 194 223 770 922 623 390 354 641 491 213 166 859 874 734 250 128 253 713 389 661 191 301 171 792 336 20 192 499 735 390 525 944 818 863 405 658 473 723 421 100 653 491 811 761 842 397 566 40 903 53 147 375 644 804 803 390 715 283 62 285 382 245 187 576 159 361 546 49 576 
440 753 464 548 82 235 599 32 860 121 746 818 749 680 231 947 673 279 981 386 16 716 76 573 150 448 72 329 686 949 253 162 968 923 541 632 56 782 371 412 155 176 174 301 310 753 177 710 273 343 829 692 375 65 123 390 112 333 587 359 170 982 689 125 138 196 115 337 413 685 811 626 879 602 377 695 89 647 567 847 407 159 608 635 45 558 767 536 616 22 788 632 742 25 888 975 931 865 936 306 
623 351 581 287 956 70 582 99 257 217 566 418 402 698 566 341 789 578 578 34 49 303 318 634 637 849 472 271 492 1 477 444 94 963 391 797 924 632 527 250 211 123 774 85 870 825 868 701 383 124 85 371 393 120 379 969 101 309 641 181 13 527 189 665 861 523 995 539 569 16 321 272 46 898 322 426 171 911 736 236 208 260 636 589 666 519 184 739 913 187 848 659 337 671 135 293 760 713 391 690 
55 946 150 125 47 361 1 159 537 528 599 115 212 770 379 41 426 266 953 294 248 170 476 37 10 784 387 956 963 896 573 820 477 117 826 529 224 935 114 852 233 801 204 401 233 551 855 181 713 351 239 44 619 79 99 458 178 295 11 713 262 147 537 914 402 628 479 700 749 580 231 878 540 67 456 375 432 47 560 341 701 407 119 453 530 641 759 973 876 681 552 241 470 528 126 914 625 129 269 989 
6 492 1000 852 570 964 70 616 337 581 499 750 42 392 227 743 612 611 932 491 866 631 771 638 670 940 120 497 588 650 164 641 829 605 389 931 327 564 865 375 892 454 625 622 24 825 365 891 9 898 171 587 415 192 59 323 824 697 670 136 610 904 85 437 351 973 506 585 775 281 987 432 510 75 0 34 731 825 974 225 337 171 868 299 870 620 215 61 828 888 359 429 292 811 272 807 570 394 544 125 
961 337 576 627 85 595 131 750 662 391 118 721 983 718 229 589 833 56 588 750 749 916 973 194 776 876 293 361 595 485 271 855 298 528 536 720 753 704 503 371 624 166 113 609 772 533 818 194 240 646 118 160 241 240 618 597 431 243 117 36 704 48 820 213 735 639 138 583 233 348 432 600 259 357 706 200 162 927 365 573 678 683 632 820 357 103 301 341 410 326 495 179 922 939 540 643 216 759 521 932 
413 47 50 202 811 398 414 469 216 703 967 52 206 187 536 206 435 985 71 802 736 801 360 815 365 344 890 32 747 413 290 47 84 376 906 145 365 112 213 289 205 766 293 379 359 644 280 104 806 579 455 817 989 450 905 597 405 933 508 728 511 760 231 958 809 76 166 415 162 133 695 941 789 498 515 308 635 121 24 312 425 303 39 828 16 968 389 17 278 125 945 249 992 345 780 178 96 167 182 608 
164 949 500 968 967 212 365 554 348 471 886 217 372 976 240 863 927 454 599 54 86 659 227 209 366 292 14 204 84 493 250 322 125 544 745 850 364 995 700 58 112 30 464 983 627 182 934 7 761 978 888 79 752 866 59 793 264 818 573 338 746 823 635 92 762 693 740 753 731 351 508 816 338 412 803 426 662 67 275 617 152 817 668 994 270 250 432 773 996 490 494 202 224 104 371 850 313 161 861 232 
314 583 661 544 898 385 112 108 337 782 52 483 520 806 635 451 284 349 420 549 751 769 25 591 361 894 21 522 202 607 49 155 359 734 748 821 217 837 745 489 935 339 946 595 157 759 481 550 884 676 606 494 960 373 897 959 483 623 636 559 811 557 157 775 569 767 154 170 736 409 78 461 919 16 986 632 515 926 832 66 357 516 228 1 474 86 512 519 586 147 832 157 531 88 812 612 136 923 471 412 
38155 37333 37575 35513 37032 36273 38853 42226 33735 34658 35372 37551 40776 35096 41272 36806 36112 34184 41166 38450 40282 36288 36305 34999 33693 39440 37359 33518 37564 38264 
